2.0273665964089997
2.0113830998478273
1.995382825523234
1.9797971056076158
1.9646128777624572
1.9498176257297912
1.9353993593605427
1.9213465948230846
1.907648335162767
1.8942940513409816
1.8812736638487442
1.8685775249631125
1.8561964016937813
1.844121459450752
1.832344246451245
1.820856678874238
1.8096510267636388
1.7987199006756627
1.7880562390620582
1.7776532963781957
1.767504631903353
1.7576040992597142
1.7479458366163922
1.738524257565131
1.7293340426551373
1.7203701315756277
1.7116277159761242
1.7031022329162804
1.6947893589389356
1.6866850047623105
1.6787853105896084
1.6710866420368968
1.663585586682915
1.6562789512474898
1.6491637594084636
1.6422372502705525
1.6354968775033176
1.628940309169525
1.6225654282695958
1.6163703340326694
1.6103533439900581
1.6045129968726108
1.5988480563797958
1.5933575158752356
1.5880406040710118
1.5828967917714685
1.5779257997564797
1.5731276078944036
1.5685024655862534
1.564050903655183
1.5597737478092697
1.5556721338209771
1.551747524583736
1.5480017292249555
1.5444369244756362
1.5410556785197627
1.537860977572017
1.5348562554601208
1.5320454265185357
1.5294329221332563
1.5270237313131054
1.524823445701115
1.5228383094799522
1.5210752746674068
1.5195420623408196
1.5182472303717014
1.5172002482917142
1.516411579945825
1.5158927746140352
1.515656567293949
1.5157169888253699
1.5160894864947863
1.5167910556684803
1.5178403828498581
1.519258000315243
1.5210664521211312
1.5232904707532637
1.5259571629501842
1.529096202212748
1.5327400241192475
1.5369240186955533
1.541686711608434
1.5470699227005764
1.5531188861862226
1.5598823114784717
1.5674123569239895
1.575764480508768
1.5849971217829957
1.5951711579151318
1.6063490643030474
1.6185936974033788
1.6319666059785471
1.6465257694288489
1.66232266226358
1.6793985576974437
1.6977800181633167
1.7174735848389202
1.738459780824837
1.7606866898436433
1.7840635646390255
1.808455145876911
1.8336776059669628
1.8594972251950739
1.8856329927635629
1.9117642245921398
1.9375439311914628
1.9626180114158487
1.9866494064541782
2.0093452137671823
2.030483608530766
2.0499365099630755
2.0676835899907213
2.0838138006707125
2.0985123439445372
2.1120338651401607
2.12466604003901
2.136690526891063
2.14834920914723
2.1598220877087773
2.171219581130486
2.182587873063531
2.1939229801120272
2.2051882803863108
2.216331119317121
2.2272958879499574
2.2380327282378794
2.2485022362474862
2.2586771144045437
2.2685418251039
2.2780911382966473
2.28732821767697
2.2962626536712136
2.3049086675232267
2.3132835853499465
2.321406604471697
2.3292978329037157
2.3369775642517223
2.3444657450534008
2.3517815935438193
2.358943333979593
2.3659680167863892
2.372871400724745
2.379667878473058
2.386370431338992
2.392990602252568
2.3995384788698804
2.4060226806565472
2.41245034535305
2.4188271113639983
2.425157093455331
2.4314428497644345
2.4376853385894646
2.4438838637739457
2.4500360077793175
2.4561375517721538
2.4621823822697086
2.468162384108818
2.474067319748273
2.47988469520089
2.4855996132353115
2.4911946149043125
2.4966495109603493
2.5019412053223835
2.5070435134700464
2.5119269794661663
2.5165586962443505
2.5209021348324088
2.5249169892903
2.528559045281837
2.5317800813126423
2.5345278126708086
2.536745888897019
2.538373956062478
2.5393477951051726
2.539599546822761
2.539058032709745
2.5376491785575976
2.5352965445706594
2.5319219617402577
2.527446269536891
2.521790144936494
2.514875007845861
2.506623983711373
2.4969629011343955
2.485821301319456
2.4731334376764007
2.458839248178599
2.4428852900865827
2.425225635876496
2.405822739674441
2.384648293733506
2.361684102670208
2.3369230072685356
2.310369887664171
2.282042765972747
2.2519740099341896
2.2202116119665884
2.186820483610423
2.151883666808275
2.1155033256358253
2.077801351261196
2.038919396105606
1.9990181570674812
1.9582757570563643
1.9168851304030827
1.8750503979316187
1.8329823137714705
1.790892966508203
1.7489900079488439
1.707470749844789
1.6665165015309253
1.6262875138674424
1.5869188476619027
1.5485174047008368
1.5111602583985846
1.4748943133595285
1.4397372233016474
1.4056794165991524
1.3726870253998367
1.3407054897469641
1.309663609366384
1.2794778362207355
1.250056632358604
1.2213047518966325
1.1931273365777832
1.1654337369839673
1.138140984469652
1.111176842991098
1.084482368029293
1.058013895987693
1.031744386768596
1.0056640495686426
0.9797802011053359
0.9541163382977575
0.9287104528770841
0.9036126693369142
0.8788823430524098
0.8545848035799459
0.8307879604318253
0.8075589984435143
0.7849613744823503
0.7630522886210286
0.7418807472471254
0.7214862719402415
0.701898246031121
0.6831358388292037
0.6652084108996432
0.6481162843406135
0.6318517584947598
0.6164002605240199
0.6017415374260237
0.5878508170940804
0.5746998874172621
0.5622580617639313
0.5504930151563123
0.5393714875790172
0.5288598593413568
0.5189246087552133
0.5095326652630382
0.5006516722195632
0.49225017337985033
0.48429773624356587
0.47676502409992344
0.4696238271532305
0.46284706164361955
0.4564087445058703
0.45028394988038767
0.4444487527236495
0.43888016386120615
0.43355606007439573
0.4284551121965616
0.423556713698013
0.41884091184326966
0.4142883431922699
0.40988017497330426
0.4055980536650474
0.40142406197475683
0.39734068527712313
0.3933307884716164
0.38937760411424155
0.38546473257153224
0.38157615481985346
0.37769625836163556
0.3738098765427237
0.369902341323455
0.3659595492739491
0.3619680402274546
0.35791508763375574
0.35378879921116324
0.34957822600913085
0.3452734774786396
0.34086583962503036
0.33634789281539645
0.3317136253631328
0.32695853865360136
0.32207973934724743
0.31707601413928566
0.31194788270308127
0.3066976248235966
0.3013292783503027
0.2958486054614464
0.2902630258090315
0.28458151636140044
0.2788144791132401
0.2729735792112542
0.26707155735818455
0.26112202151762454
0.2551392238641108
0.24913782954049266
0.24313268405439353
0.23713858605264093
0.23117007177146492
0.2252412167132169
0.21936545911194297
0.21355544859986764
0.20782292226062285
0.2021786090364347
0.19663216231938332
0.19119211955997928
0.18586588691004452
0.18065974630264187
0.1755788819632424
0.1706274231323125
0.1658084997378168
0.16112430785747175
0.15657618202242385
0.15216467170372455
0.14788961966033135
0.14375024018617322
0.13974519565270174
0.1358726700860597
0.1321304388331436
0.12851593365128192
0.1250263027984973
0.1216584659046646
0.11840916356966341
0.11527500176565236
0.11225249122046899
0.10933808203195981
0.10652819381283421
0.10381924169647155
0.10120765854957418
0.09868991374101209
0.0962625288104449
0.09392209036780527
0.0916652605374568
0.08948878524049535
0.08738950058648357
0.08536433762298834
0.083410325668334
0.08152459443061448
0.07970437509459237
0.07794700053794627
0.07624990481956419
0.07461062206530386
0.07302678486087955
0.07149612224727477
0.07001645740124098
0.06858570507197942
0.06720186883491477
0.06586303821444991
0.06456738571965673
0.0633131638299031
0.06209870196134128
0.06092240343990084
0.059782742501862454
0.0586782613391315
0.057607567202948864
0.05656932957686418
0.05556227742732742
0.054585196538148306
0.05363692693329951
0.05271636039104868
0.05182243805115573
0.05095414811583739
0.050110523644349855
0.04929064044034112
