2.0613153558767565
2.0379516030508595
2.013342230892868
1.9895067739115428
1.9687874179499039
1.9519956194080497
1.9386546743358364
1.9278120085566548
1.918574929908706
1.910304136623308
1.9026220984770643
1.8953527559666272
1.8884487300464372
1.8819296553738873
1.8758388470681178
1.8702171219843446
1.8650894253667314
1.8604598177415144
1.8563114171785369
1.8526089539245563
1.849302349628897
1.8463302332392333
1.8436226644473186
1.8411026135683373
1.8386859530878883
1.8362798430898075
1.8337794392559585
1.8310628299440348
1.8279840396416582
1.8243638464444043
1.819978079934942
1.8145430237679419
1.8076975777580209
1.7989819726603113
1.787813112151381
1.7734570747491318
1.7549999876118367
1.7313194812957842
1.7010605000857029
1.66262195130883
1.6141656223314838
1.553667620870713
1.4790469380464923
1.3884251311712796
1.2805874790631706
1.155701853391156
1.0162455890493942
0.867815875035127
0.7191115087961252
0.5803352505551207
0.4602340581777017
0.3634879366499931
0.2902110811382678
0.23748684234043496
0.2014370365462982
0.17868189774119336
0.16705546160361007
0.16598474367589083
0.17706657443419693
0.20559321839468092
0.2647487364485349
0.3873599241171327
0.6565066861636522
1.2359539025021624
2.1024164457363943
2.562903975966448
1.8447545945396158
1.6791916304161876
2.8187698259926552
3.0346653297872495
2.3749303716661965
1.6527231279983492
1.637514667129598
1.9106904354443475
1.433049525390989
0.9669741274368638
0.9052496191681767
0.9253550214939226
0.7249336311909944
0.5441046634177699
0.5066753984622849
0.4909356645061742
0.42450411313015723
0.3609082705100319
0.33076590660377425
0.3069138038724854
0.26903626874598163
0.22763858500062487
0.19271209554617455
0.1628648244015521
0.13444589451941724
0.10808429549448283
0.08567279815220871
0.06770463964624178
0.05365858848883431
0.042814351113789034
