0.5132023776158084
0.51282395036354
0.5125020489432641
0.5122282691734011
0.5119954295964088
0.511797401988163
0.5116289628687296
0.5114856641651694
0.5113637210906687
0.5112599153282351
0.5111715117001497
0.511096186637054
0.5110319669127079
0.5109771772685282
0.5109303957072043
0.5108904153816144
0.5108562121409476
0.5108269169189651
0.5108017922593806
0.510780212370751
0.5107616461887967
0.5107456429986535
0.5107318202342864
0.5107198531282078
0.5107094659327898
0.510700424475782
0.5106925298480591
0.5106856130518695
0.5106795304636973
0.510674159987845
0.5106693977956049
0.5106651555608059
0.5106613581160876
0.510657941465748
0.5106548511007862
0.5106520405700459
0.510649470268398
0.5106471064088614
0.5106449201506145
0.510642886859133
0.5106409854783218
0.5106391979975795
0.5106375089993451
0.5106359052748831
0.5106343754979265
0.5106329099473932
0.5106315002717222
0.5106301392885181
0.5106288208141546
0.510627539518802
0.5106262908030341
0.5106250706927601
0.5106238757497126
0.5106227029951558
0.5106215498448221
0.5106204140533952
0.5106192936671096
0.5106181869832507
0.5106170925155314
0.5106160089644659
0.5106149351920027
0.5106138701997841
0.510612813110498
0.5106117631518685
0.5106107196428947
0.5106096819820141
0.5106086496369066
0.5106076221357023
0.5106065990593935
0.5106055800352735
0.5106045647312581
0.510603552850965
0.5106025441294414
0.5106015383294519
0.5106005352382459
0.51059953466474
0.5105985364370562
0.5105975404003708
0.5105965464150265
0.5105955543548801
0.5105945641058449
0.5105935755646112
0.5105925886375154
0.5105916032395419
0.5105906192934385
0.5105896367289339
0.5105886554820404
0.5105876754944352
0.5105866967129087
0.5105857190888726
0.5105847425779182
0.5105837671394237
0.5105827927362002
0.5105818193341743
0.5105808469021029
0.5105798754113166
0.5105789048354872
0.5105779351504194
0.5105769663338616
0.510575998365335
0.5105750312259779
0.5105740648984067
0.5105730993665876
0.5105721346157202
0.5105711706321335
0.5105702074031898
0.5105692449171966
0.5105682831633277
0.510567322131551
0.5105663618125618
0.5105654021977226
0.510564443279008
0.5105634850489538
0.5105625275006116
0.510561570627506
0.5105606144235957
0.5105596588832391
0.5105587040011611
0.5105577497724235
0.5105567961923981
0.5105558432567412
0.5105548909613709
0.5105539393024467
0.5105529882763493
0.5105520378796635
0.5105510881091614
0.5105501389617882
0.5105491904346481
0.5105482425249914
0.5105472952302037
0.5105463485477947
0.5105454024753883
0.5105444570107147
0.5105435121516005
0.5105425678959624
0.5105416242418002
0.5105406811871891
0.5105397387302757
0.5105387968692707
0.5105378556024456
0.5105369149281271
0.5105359748446927
0.510535035350568
0.5105340964442215
0.5105331581241628
0.5105322203889389
0.5105312832371313
0.5105303466673538
0.5105294106782495
0.5105284752684902
0.5105275404367722
0.5105266061818158
0.5105256725023639
0.5105247393971797
0.5105238068650451
0.5105228749047603
0.5105219435151419
0.510521012695022
0.5105200824432468
0.5105191527586764
0.5105182236401834
0.510517295086652
0.5105163670969779
0.5105154396700666
0.5105145128048338
0.5105135865002042
0.5105126607551111
0.510511735568496
0.5105108109393082
0.510509886866504
0.5105089633490469
0.5105080403859069
0.5105071179760601
0.5105061961184881
0.510505274812179
0.5105043540561257
0.5105034338493264
0.510502514190784
0.5105015950795064
0.510500676514506
0.5104997584947992
0.5104988410194072
0.5104979240873546
0.5104970076976701
0.5104960918493869
0.5104951765415405
0.5104942617731714
0.5104933475433224
0.5104924338510404
0.5104915206953753
0.5104906080753799
0.5104896959901107
0.5104887844386272
0.5104878734199917
0.510486962933269
0.5104860529775277
0.5104851435518383
0.5104842346552748
0.5104833262869137
0.5104824184458342
0.5104815111311177
0.510480604341849
0.510479698077115
0.5104787923360055
0.5104778871176122
0.5104769824210299
0.5104760782453556
0.5104751745896887
0.5104742714531314
0.5104733688347876
0.5104724667337642
0.5104715651491704
0.5104706640801172
0.5104697635257183
0.51046886348509
0.5104679639573505
0.5104670649416202
0.5104661664370218
0.5104652684426807
0.5104643709577237
0.5104634739812807
0.5104625775124831
0.5104616815504648
0.510460786094362
0.5104598911433128
0.5104589966964576
0.5104581027529387
0.5104572093119009
0.5104563163724909
0.5104554239338577
0.5104545319951522
0.5104536405555274
0.5104527496141387
0.5104518591701429
0.5104509692226997
0.5104500797709705
0.5104491908141182
0.5104483023513088
0.5104474143817096
0.51044652690449
0.5104456399188217
0.5104447534238782
0.5104438674188351
0.51044298190287
0.5104420968751623
0.5104412123348936
0.5104403282812474
0.5104394447134093
0.5104385616305664
0.5104376790319085
0.5104367969166269
0.5104359152839143
0.5104350341329666
0.5104341534629806
0.5104332732731556
0.5104323935626923
0.5104315143307937
0.5104306355766646
0.5104297572995116
0.5104288794985432
0.5104280021729704
0.5104271253220047
0.510426248944861
0.5104253730407547
0.5104244976089044
0.5104236226485295
0.5104227481588515
0.510421874139094
0.5104210005884823
0.5104201275062434
0.5104192548916064
0.510418382743802
0.5104175110620627
0.5104166398456227
0.5104157690937183
0.5104148988055875
0.5104140289804702
0.5104131596176072
0.5104122907162425
0.5104114222756209
0.510410554294989
0.5104096867735959
0.5104088197106911
0.5104079531055273
0.5104070869573583
0.5104062212654392
0.5104053560290274
0.5104044912473822
0.5104036269197638
0.5104027630454352
0.5104018996236598
0.5104010366537037
0.5104001741348347
0.5103993120663217
0.5103984504474356
0.510397589277449
0.510396728555636
0.5103958682812728
0.5103950084536365
0.5103941490720065
0.5103932901356638
0.5103924316438908
0.5103915735959716
0.510390715991192
0.5103898588288396
0.5103890021082029
0.5103881458285733
0.5103872899892424
0.5103864345895044
0.5103855796286547
0.5103847251059904
0.5103838710208102
0.5103830173724142
0.5103821641601044
0.5103813113831841
0.5103804590409584
0.5103796071327338
0.5103787556578183
0.5103779046155219
0.5103770540051555
0.510376203826032
0.5103753540774658
0.5103745047587727
0.5103736558692699
0.5103728074082765
0.5103719593751131
0.5103711117691014
0.5103702645895648
0.5103694178358287
0.5103685715072191
0.5103677256030642
0.5103668801226936
0.5103660350654381
0.5103651904306302
0.5103643462176037
0.5103635024256941
0.5103626590542384
0.5103618161025749
0.5103609735700432
0.5103601314559847
0.5103592897597421
0.5103584484806594
0.5103576076180827
0.5103567671713584
0.5103559271398352
0.5103550875228632
0.5103542483197935
0.5103534095299789
0.5103525711527734
0.5103517331875329
0.510350895633614
0.5103500584903754
0.5103492217571766
0.5103483854333788
0.5103475495183448
0.5103467140114383
0.5103458789120243
0.51034504421947
0.5103442099331434
0.5103433760524139
0.5103425425766519
0.51034170950523
0.5103408768375213
0.510340044572901
0.510339212710745
0.5103383812504311
0.5103375501913379
0.5103367195328457
0.5103358892743359
0.5103350594151914
0.5103342299547966
0.5103334008925364
0.5103325722277983
0.5103317439599698
0.5103309160884406
0.5103300886126013
0.5103292615318438
0.5103284348455615
0.5103276085531488
0.5103267826540017
0.5103259571475173
0.5103251320330937
0.5103243073101309
0.5103234829780299
0.5103226590361923
0.5103218354840222
0.5103210123209238
0.5103201895463034
0.5103193671595679
0.5103185451601259
0.5103177235473869
0.5103169023207621
0.5103160814796633
0.5103152610235039
0.5103144409516986
0.510313621263663
0.5103128019588142
0.5103119830365707
0.5103111644963513
0.5103103463375772
0.5103095285596698
0.5103087111620525
0.510307894144149
0.5103070775053851
0.5103062612451872
0.510305445362983
0.5103046298582017
0.5103038147302731
0.5103029999786285
0.5103021856027002
0.5103013716019222
0.510300557975729
0.5102997447235563
0.5102989318448417
0.5102981193390228
0.5102973072055392
0.5102964954438314
0.5102956840533408
0.5102948730335104
0.5102940623837839
0.5102932521036063
0.5102924421924239
0.5102916326496836
0.5102908234748339
0.5102900146673244
0.5102892062266051
0.5102883981521285
0.5102875904433467
0.5102867830997138
0.5102859761206847
0.5102851695057155
0.5102843632542631
0.510283557365786
0.5102827518397431
0.5102819466755951
0.5102811418728035
0.5102803374308302
0.5102795333491392
0.5102787296271952
0.5102779262644637
0.5102771232604114
0.510276320614506
0.5102755183262164
0.5102747163950128
0.5102739148203653
0.5102731136017468
0.5102723127386295
0.5102715122304881
0.510270712076797
0.5102699122770324
0.5102691128306718
0.5102683137371928
0.5102675149960749
0.510266716606798
0.5102659185688433
0.5102651208816927
0.5102643235448296
0.5102635265577382
0.5102627299199034
0.5102619336308117
0.5102611376899497
0.5102603420968058
0.510259546850869
0.5102587519516295
0.510257957398578
0.5102571631912067
0.5102563693290088
0.5102555758114777
0.510254782638109
0.510253989808398
0.5102531973218416
0.5102524051779379
0.5102516133761852
0.5102508219160835
0.5102500307971333
0.5102492400188361
0.5102484495806944
0.5102476594822117
0.5102468697228926
0.5102460803022418
0.5102452912197661
0.5102445024749722
0.5102437140673686
0.5102429259964639
0.5102421382617682
0.5102413508627924
0.510240563799048
0.5102397770700478
0.5102389906753051
0.5102382046143344
0.5102374188866513
0.5102366334917718
0.5102358484292129
0.5102350636984928
0.5102342792991302
0.510233495230645
0.5102327114925578
0.5102319280843901
0.5102311450056645
0.5102303622559038
0.5102295798346326
0.5102287977413755
0.5102280159756588
0.510227234537009
0.5102264534249537
0.5102256726390211
0.5102248921787409
0.5102241120436428
0.5102233322332581
0.5102225527471186
0.5102217735847567
0.5102209947457064
0.5102202162295012
0.510219438035677
0.5102186601637697
0.5102178826133159
0.5102171053838532
0.5102163284749204
0.5102155518860564
0.5102147756168016
0.5102139996666963
0.5102132240352831
0.510212448722104
0.5102116737267025
0.5102108990486227
0.5102101246874094
0.5102093506426086
0.5102085769137665
0.5102078035004307
0.5102070304021492
0.5102062576184709
0.5102054851489454
0.5102047129931231
0.5102039411505555
0.5102031696207943
0.5102023984033925
0.5102016274979037
0.5102008569038821
0.5102000866208828
0.5101993166484614
0.510198546986175
0.5101977776335808
0.5101970085902368
0.5101962398557018
0.5101954714295357
0.5101947033112988
0.510193935500552
0.5101931679968574
0.5101924007997776
0.5101916339088759
0.5101908673237162
0.5101901010438636
0.5101893350688835
0.5101885693983421
0.5101878040318064
0.5101870389688443
0.5101862742090242
0.5101855097519151
0.5101847455970869
0.5101839817441103
0.5101832181925566
0.5101824549419977
0.5101816919920064
0.5101809293421559
0.5101801669920205
0.510179404941175
0.5101786431891948
0.5101778817356565
0.5101771205801364
0.5101763597222126
0.5101755991614632
0.510174838897467
0.5101740789298037
0.5101733192580536
0.5101725598817979
0.5101718008006182
0.5101710420140966
0.5101702835218163
0.510169525323361
0.5101687674183152
0.5101680098062635
0.5101672524867921
0.5101664954594868
0.5101657387239349
0.510164982279724
0.5101642261264423
0.5101634702636788
0.5101627146910231
0.5101619594080657
0.510161204414397
0.5101604497096088
0.5101596952932933
0.5101589411650431
0.5101581873244518
0.5101574337711134
0.5101566805046226
0.5101559275245748
0.5101551748305656
0.5101544224221921
0.5101536702990512
0.5101529184607407
0.5101521669068592
0.5101514156370053
0.510150664650779
0.5101499139477808
0.5101491635276109
0.5101484133898714
0.5101476635341642
0.5101469139600916
0.5101461646672574
0.5101454156552652
0.5101446669237195
0.5101439184722256
0.5101431703003887
0.5101424224078154
0.5101416747941123
0.5101409274588871
0.5101401804017476
0.5101394336223022
0.5101386871201604
0.5101379408949317
0.5101371949462267
0.5101364492736558
0.5101357038768306
0.5101349587553633
0.5101342139088665
0.510133469336953
0.5101327250392368
0.5101319810153321
0.5101312372648535
0.5101304937874167
0.5101297505826373
0.5101290076501321
0.5101282649895179
0.5101275226004123
0.5101267804824334
0.5101260386351999
0.510125297058331
0.5101245557514464
0.5101238147141665
0.5101230739461119
0.510122333446904
0.5101215932161648
0.5101208532535164
0.5101201135585823
0.5101193741309854
0.5101186349703496
0.5101178960763
0.5101171574484611
0.5101164190864584
0.5101156809899183
0.5101149431584673
0.510114205591732
0.5101134682893405
0.5101127312509207
0.5101119944761011
0.5101112579645111
0.5101105217157799
0.5101097857295376
0.5101090500054152
0.5101083145430434
0.5101075793420538
0.5101068444020787
0.5101061097227504
0.5101053753037021
0.5101046411445673
0.5101039072449798
0.5101031736045745
0.5101024402229862
0.5101017070998501
0.5101009742348026
0.5101002416274798
0.5100995092775185
0.5100987771845562
0.5100980453482307
0.5100973137681801
0.5100965824440434
0.5100958513754599
0.510095120562069
0.5100943900035108
0.510093659699426
0.5100929296494555
0.5100921998532412
0.5100914703104247
0.5100907410206483
0.5100900119835553
0.5100892831987884
0.5100885546659918
0.5100878263848097
0.5100870983548862
0.5100863705758668
0.510085643047397
0.5100849157691225
0.5100841887406897
0.5100834619617456
0.5100827354319374
0.5100820091509122
0.510081283118319
0.5100805573338056
0.5100798317970212
0.5100791065076151
0.510078381465237
0.5100776566695373
0.5100769321201662
0.5100762078167751
0.5100754837590153
0.5100747599465387
0.5100740363789973
0.510073313056044
0.5100725899773317
0.510071867142514
0.5100711445512444
0.5100704222031777
0.5100697000979681
0.5100689782352708
0.5100682566147415
0.5100675352360357
0.5100668140988096
0.5100660932027201
0.510065372547424
0.5100646521325789
0.5100639319578422
0.5100632120228724
0.510062492327328
0.5100617728708676
0.5100610536531509
0.5100603346738374
0.510059615932587
0.5100588974290602
0.510058179162918
0.5100574611338211
0.5100567433414316
0.510056025785411
0.5100553084654215
0.5100545913811259
0.5100538745321868
0.5100531579182679
0.5100524415390331
0.5100517253941459
0.5100510094832708
0.5100502938060727
0.5100495783622166
0.5100488631513682
0.5100481481731928
0.5100474334273569
0.5100467189135267
0.5100460046313693
0.5100452905805517
0.5100445767607413
0.510043863171606
0.5100431498128142
0.5100424366840337
0.5100417237849343
0.5100410111151844
0.5100402986744538
0.5100395864624121
0.5100388744787296
0.5100381627230768
0.5100374511951243
0.5100367398945433
0.5100360288210053
0.5100353179741819
0.510034607353745
0.5100338969593672
0.5100331867907212
0.5100324768474798
0.5100317671293164
0.5100310576359045
0.5100303483669181
0.5100296393220314
0.5100289305009187
0.510028221903255
0.5100275135287154
0.5100268053769752
0.5100260974477102
0.5100253897405963
0.51002468225531
0.5100239749915274
0.5100232679489258
0.5100225611271821
0.5100218545259739
0.5100211481449788
0.5100204419838749
0.5100197360423403
0.5100190303200537
0.5100183248166937
0.5100176195319399
0.5100169144654713
0.5100162096169676
0.5100155049861087
0.510014800572575
0.5100140963760468
0.5100133923962048
0.51001268863273
0.5100119850853039
0.5100112817536078
0.5100105786373234
0.5100098757361329
0.5100091730497187
0.510008470577763
0.5100077683199489
0.5100070662759593
0.5100063644454778
0.5100056628281874
0.5100049614237724
0.5100042602319167
0.5100035592523046
0.5100028584846206
0.5100021579285495
0.5100014575837762
0.5100007574499862
0.5100000575268648
0.5099993578140979
0.5099986583113713
0.5099979590183712
0.509997259934784
0.5099965610602964
0.5099958623945953
0.5099951639373679
0.5099944656883014
0.5099937676470834
0.5099930698134014
0.509992372186944
0.5099916747673988
0.5099909775544545
0.5099902805477997
0.5099895837471233
0.5099888871521142
0.5099881907624619
0.5099874945778557
0.5099867985979855
0.5099861028225409
0.5099854072512122
0.5099847118836898
0.5099840167196639
0.5099833217588253
0.5099826270008649
0.5099819324454742
0.5099812380923437
0.5099805439411657
0.5099798499916313
0.5099791562434325
0.5099784626962616
0.5099777693498107
0.5099770762037719
0.5099763832578381
0.5099756905117023
0.5099749979650572
0.5099743056175959
0.509973613469012
0.5099729215189988
0.5099722297672498
0.5099715382134593
0.509970846857321
0.5099701556985291
0.5099694647367784
0.5099687739717627
0.5099680834031775
0.5099673930307169
0.5099667028540764
0.5099660128729511
0.5099653230870362
0.5099646334960275
0.5099639440996203
0.5099632548975107
0.5099625658893945
0.5099618770749681
0.5099611884539271
0.5099605000259687
0.5099598117907891
0.5099591237480849
0.5099584358975532
0.509957748238891
0.5099570607717951
0.5099563734959632
0.5099556864110926
0.5099549995168808
0.5099543128130253
0.5099536262992244
0.5099529399751757
0.5099522538405773
0.5099515678951275
0.5099508821385247
0.5099501965704673
0.5099495111906538
0.5099488259987831
0.5099481409945541
0.5099474561776655
0.5099467715478164
0.5099460871047063
0.5099454028480342
0.5099447187774999
0.5099440348928025
0.5099433511936418
0.5099426676797177
0.5099419843507298
0.5099413012063786
0.5099406182463637
0.5099399354703854
0.5099392528781439
0.5099385704693399
0.5099378882436735
0.5099372062008456
0.5099365243405567
0.5099358426625077
0.5099351611663991
0.5099344798519325
0.5099337987188085
0.5099331177667281
0.509932436995393
0.5099317564045043
0.5099310759937633
0.5099303957628715
0.5099297157115306
0.509929035839442
0.5099283561463076
0.5099276766318293
0.5099269972957086
0.5099263181376477
0.5099256391573486
0.5099249603545133
0.509924281728844
0.5099236032800428
0.5099229250078121
0.5099222469118543
0.5099215689918719
0.509920891247567
0.5099202136786423
0.5099195362848006
0.5099188590657443
0.5099181820211761
0.509917505150799
0.5099168284543154
0.5099161519314286
0.5099154755818412
0.5099147994052564
0.5099141234013768
0.5099134475699059
0.5099127719105463
0.5099120964230015
0.5099114211069748
0.509910745962169
0.5099100709882874
0.5099093961850336
0.5099087215521106
0.5099080470892219
0.5099073727960707
0.5099066986723607
0.509906024717795
0.5099053509320773
0.509904677314911
0.5099040038659994
0.5099033305850464
0.5099026574717553
0.5099019845258299
0.5099013117469735
0.5099006391348897
0.5098999666892825
0.5098992944098549
0.509898622296311
0.5098979503483543
0.5098972785656884
0.5098966069480172
0.509895935495044
0.5098952642064727
0.5098945930820068
0.5098939221213501
0.5098932513242062
0.5098925806902788
0.5098919102192716
0.5098912399108882
0.5098905697648319
0.509889899780807
0.5098892299585167
0.5098885602976645
0.5098878907979544
0.5098872214590897
0.5098865522807738
0.5098858832627104
0.5098852144046033
0.5098845457061557
0.5098838771670711
0.5098832087870528
0.5098825405658045
0.5098818725030295
0.5098812045984311
0.5098805368517128
0.5098798692625776
0.5098792018307291
0.5098785345558702
0.5098778674377045
0.5098772004759347
0.509876533670264
0.5098758670203958
0.509875200526033
0.5098745341868781
0.5098738680026346
0.5098732019730051
0.5098725360976926
0.5098718703763998
0.5098712048088295
0.5098705393946841
0.5098698741336665
0.509869209025479
0.5098685440698245
0.5098678792664049
0.509867214614923
0.509866550115081
0.509865885766581
0.5098652215691251
0.5098645575224156
0.5098638936261546
0.5098632298800438
0.5098625662837852
0.5098619028370805
0.5098612395396318
0.5098605763911404
0.5098599133913078
0.5098592505398356
0.5098585878364252
0.509857925280778
0.509857262872595
0.5098566006115777
0.5098559384974268
0.5098552765298433
0.5098546147085281
0.509853953033182
0.5098532915035056
0.5098526301191996
0.5098519688799643
0.5098513077855
0.5098506468355073
0.5098499860296859
0.5098493253677362
0.5098486648493579
0.509848004474251
0.509847344242115
0.5098466841526497
0.5098460242055542
0.5098453644005285
0.5098447047372713
0.509844045215482
0.5098433858348594
0.5098427265951024
0.5098420674959101
0.5098414085369806
0.5098407497180126
0.5098400910387046
0.5098394324987547
0.5098387740978609
0.5098381158357215
0.5098374577120337
0.5098367997264959
0.5098361418788051
0.5098354841686588
0.5098348265957544
0.5098341691597889
0.5098335118604593
0.5098328546974622
0.5098321976704947
0.5098315407792527
0.5098308840234331
0.5098302274027318
0.509829570916845
0.5098289145654682
0.5098282583482975
0.5098276022650283
0.509826946315356
0.5098262904989757
0.5098256348155825
0.5098249792648711
0.5098243238465365
0.5098236685602731
0.5098230134057751
0.5098223583827369
0.5098217034908524
0.5098210487298155
0.5098203940993196
0.5098197395990581
0.5098190852287245
0.5098184309880118
0.5098177768766129
0.5098171228942203
0.5098164690405264
0.5098158153152239
0.5098151617180046
0.5098145082485603
0.509813854906583
0.509813201691764
0.5098125486037947
0.5098118956423658
0.5098112428071688
0.5098105900978938
0.5098099375142314
0.5098092850558721
0.5098086327225054
0.5098079805138214
0.5098073284295098
0.5098066764692597
0.5098060246327604
0.5098053729197007
0.5098047213297694
0.5098040698626549
0.5098034185180451
0.5098027672956286
0.5098021161950926
0.509801465216125
0.509800814358413
0.5098001636216433
0.5097995130055029
0.5097988625096787
0.5097982121338563
0.5097975618777226
0.5097969117409626
0.5097962617232624
0.5097956118243071
0.5097949620437818
0.5097943123813711
0.5097936628367599
0.509793013409632
0.5097923640996718
0.5097917149065627
0.5097910658299887
0.5097904168696323
0.5097897680251771
0.5097891192963053
0.5097884706826996
0.5097878221840418
0.509787173800014
0.5097865255302975
0.5097858773745738
0.5097852293325237
0.509784581403828
0.5097839335881671
0.509783285885221
0.5097826382946699
0.5097819908161927
0.5097813434494691
0.5097806961941779
0.5097800490499977
0.5097794020166069
0.5097787550936835
0.5097781082809052
0.5097774615779493
0.5097768149844932
0.5097761685002133
0.5097755221247864
0.5097748758578884
0.5097742296991955
0.5097735836483828
0.5097729377051254
0.5097722918690987
0.5097716461399769
0.5097710005174342
0.5097703550011446
0.5097697095907816
0.5097690642860182
0.5097684190865276
0.509767773991982
0.509767129002054
0.5097664841164151
0.5097658393347367
0.5097651946566903
0.5097645500819465
0.5097639056101759
0.5097632612410485
0.509762616974234
0.5097619728094016
0.5097613287462206
0.5097606847843594
0.5097600409234866
0.5097593971632698
0.5097587535033767
0.5097581099434746
0.5097574664832301
0.5097568231223093
0.5097561798603791
0.5097555366971045
0.509754893632151
0.5097542506651834
0.5097536077958662
0.5097529650238637
0.5097523223488395
0.5097516797704569
0.5097510372883788
0.5097503949022678
0.5097497526117859
0.5097491104165951
0.5097484683163567
0.5097478263107315
0.5097471843993799
0.5097465425819622
0.5097459008581379
0.5097452592275664
0.5097446176899064
0.5097439762448166
0.5097433348919548
0.5097426936309783
0.5097420524615448
0.5097414113833107
0.5097407703959324
0.5097401294990656
0.5097394886923656
0.5097388479754879
0.5097382073480864
0.5097375668098154
0.5097369263603287
0.5097362859992793
0.5097356457263201
0.5097350055411033
0.5097343654432804
0.5097337254325034
0.5097330855084224
0.5097324456706886
0.5097318059189515
0.5097311662528609
0.5097305266720655
0.509729887176214
0.5097292477649545
0.5097286084379345
0.5097279691948013
0.5097273300352014
0.509726690958781
0.5097260519651856
0.5097254130540605
0.5097247742250506
0.5097241354777995
0.5097234968119513
0.5097228582271491
0.5097222197230357
0.5097215812992529
0.5097209429554426
0.509720304691246
0.5097196665063036
0.5097190284002556
0.5097183903727414
0.5097177524234003
0.5097171145518709
0.5097164767577909
0.509715839040798
0.5097152014005292
0.5097145638366207
0.5097139263487087
0.5097132889364284
0.5097126515994147
0.5097120143373015
0.5097113771497228
0.5097107400363119
0.5097101029967012
0.5097094660305225
0.5097088291374078
0.5097081923169877
0.5097075555688928
0.5097069188927528
0.5097062822881968
0.5097056457548536
0.509705009292351
0.5097043729003171
0.5097037365783781
0.5097031003261611
0.5097024641432911
0.5097018280293937
0.5097011919840935
0.5097005560070144
0.5096999200977796
0.5096992842560122
0.5096986484813342
0.509698012773367
0.5096973771317319
0.5096967415560492
0.5096961060459384
0.5096954706010188
0.5096948352209089
0.5096941999052267
0.509693564653589
0.5096929294656132
0.5096922943409145
0.5096916592791085
0.5096910242798103
0.5096903893426333
0.5096897544671916
0.5096891196530979
0.5096884848999639
0.5096878502074014
0.5096872155750212
0.5096865810024335
0.5096859464892478
0.509685312035073
0.5096846776395172
0.5096840433021879
0.509683409022692
0.5096827748006356
0.5096821406356244
0.509681506527263
0.5096808724751555
0.5096802384789054
0.5096796045381157
0.5096789706523879
0.5096783368213237
0.5096777030445236
0.5096770693215877
0.5096764356521152
0.5096758020357045
0.5096751684719535
0.5096745349604594
0.5096739015008183
0.509673268092626
0.5096726347354776
0.5096720014289671
0.5096713681726878
0.5096707349662328
0.5096701018091939
0.5096694687011625
0.5096688356417287
0.5096682026304827
0.5096675696670134
0.5096669367509087
0.5096663038817564
0.5096656710591432
0.509665038282655
0.509664405551877
0.5096637728663937
0.5096631402257886
0.5096625076296447
0.5096618750775439
0.5096612425690676
0.5096606101037964
0.5096599776813099
0.509659345301187
0.5096587129630059
0.5096580806663438
0.5096574484107772
0.5096568161958821
0.509656184021233
0.5096555518864042
0.5096549197909688
0.5096542877344993
0.5096536557165672
0.5096530237367436
0.509652391794598
0.5096517598896996
0.5096511280216169
0.5096504961899171
0.5096498643941668
0.5096492326339318
0.5096486009087768
0.5096479692182658
0.509647337561962
0.5096467059394277
0.509646074350224
0.5096454427939119
0.5096448112700508
0.5096441797781994
0.5096435483179154
0.5096429168887562
0.5096422854902775
0.5096416541220348
0.509641022783582
0.5096403914744729
0.5096397601942598
0.5096391289424944
0.5096384977187272
0.5096378665225079
0.5096372353533853
0.5096366042109075
0.5096359730946213
0.5096353420040727
0.5096347109388066
0.5096340798983675
0.5096334488822984
0.5096328178901415
0.5096321869214381
0.5096315559757286
0.5096309250525521
0.5096302941514473
0.5096296632719517
0.5096290324136014
0.509628401575932
0.509627770758478
0.509627139960773
0.5096265091823493
0.5096258784227385
0.5096252476814712
0.5096246169580768
0.5096239862520839
0.5096233555630199
0.5096227248904113
0.5096220942337835
0.5096214635926609
0.509620832966567
0.5096202023550243
0.5096195717575538
0.509618941173676
0.5096183106029102
0.5096176800447743
0.5096170494987858
0.5096164189644605
0.5096157884413135
0.5096151579288588
0.5096145274266093
0.5096138969340768
0.5096132664507718
0.5096126359762041
0.5096120055098825
0.509611375051314
0.5096107446000052
0.5096101141554613
0.5096094837171866
0.5096088532846839
0.509608222857455
0.5096075924350011
0.5096069620168217
0.5096063316024154
0.5096057011912792
0.50960507078291
0.5096044403768023
0.5096038099724505
0.5096031795693473
0.5096025491669844
0.5096019187648524
0.5096012883624402
0.5096006579592365
0.5096000275547279
0.5095993971484004
0.5095987667397385
0.5095981363282258
0.5095975059133443
0.5095968754945752
0.5095962450713982
0.5095956146432918
0.509594984209734
0.5095943537702002
0.509593723324166
0.5095930928711044
0.5095924624104888
0.5095918319417896
0.5095912014644772
0.5095905709780203
0.5095899404818863
0.5095893099755416
0.5095886794584511
0.5095880489300785
0.5095874183898861
0.5095867878373352
0.5095861572718858
0.5095855266929961
0.5095848961001235
0.5095842654927238
0.5095836348702522
0.5095830042321616
0.5095823735779041
0.5095817429069304
0.5095811122186901
0.5095804815126308
0.5095798507881997
0.5095792200448417
0.5095785892820013
0.5095779584991206
0.5095773276956415
0.5095766968710034
0.5095760660246451
0.5095754351560039
0.5095748042645154
0.5095741733496142
0.5095735424107332
0.5095729114473041
0.5095722804587568
0.5095716494445204
0.5095710184040225
0.5095703873366886
0.5095697562419437
0.5095691251192105
0.5095684939679108
0.509567862787465
0.5095672315772917
0.5095666003368083
0.5095659690654306
0.5095653377625731
0.5095647064276486
0.5095640750600686
0.509563443659243
0.5095628122245803
0.5095621807554876
0.5095615492513701
0.509560917711632
0.5095602861356754
0.5095596545229016
0.5095590228727098
0.5095583911844979
0.5095577594576622
0.5095571276915976
0.5095564958856971
0.5095558640393523
0.5095552321519534
0.5095546002228893
0.5095539682515465
0.5095533362373104
0.5095527041795651
0.5095520720776923
0.509551439931073
0.5095508077390859
0.5095501755011086
0.5095495432165166
0.5095489108846841
0.5095482785049836
0.5095476460767859
0.5095470135994602
0.509546381072374
0.5095457484948934
0.5095451158663823
0.5095444831862033
0.5095438504537173
0.5095432176682835
0.5095425848292593
0.5095419519360005
0.5095413189878611
0.5095406859841937
0.5095400529243487
0.5095394198076749
0.5095387866335196
0.5095381534012282
0.5095375201101444
0.5095368867596103
0.5095362533489658
0.5095356198775493
0.5095349863446974
0.5095343527497451
0.5095337190920254
0.5095330853708694
0.5095324515856066
0.5095318177355648
0.5095311838200693
0.5095305498384446
0.5095299157900127
0.5095292816740938
0.5095286474900064
0.5095280132370672
0.5095273789145908
0.50952674452189
0.509526110058276
0.5095254755230577
0.5095248409155424
0.5095242062350355
0.5095235714808402
0.5095229366522581
0.5095223017485886
0.5095216667691297
0.5095210317131766
0.5095203965800235
0.5095197613689618
0.5095191260792816
0.5095184907102706
0.5095178552612148
0.5095172197313979
0.509516584120102
0.509515948426607
0.5095153126501905
0.5095146767901286
0.5095140408456952
0.5095134048161619
0.5095127687007986
0.5095121324988732
0.5095114962096509
0.5095108598323956
0.5095102233663689
0.5095095868108298
0.5095089501650363
0.5095083134282431
0.5095076765997036
0.5095070396786688
0.5095064026643875
0.5095057655561066
0.5095051283530704
0.5095044910545218
0.5095038536597009
0.5095032161678457
0.5095025785781924
0.5095019408899747
0.5095013031024243
0.5095006652147703
0.5095000272262402
0.5094993891360586
0.5094987509434488
0.5094981126476306
0.5094974742478228
0.509496835743241
0.509496197133099
0.5094955584166084
0.5094949195929783
0.5094942806614156
0.5094936416211249
0.5094930024713081
0.5094923632111658
0.5094917238398949
0.5094910843566911
0.5094904447607473
0.5094898050512541
0.5094891652273995
0.5094885252883694
0.5094878852333473
0.5094872450615142
0.5094866047720488
0.5094859643641272
0.5094853238369232
0.5094846831896085
0.5094840424213515
0.5094834015313189
0.509482760518675
0.509482119382581
0.509481478122196
0.5094808367366765
0.5094801952251767
0.509479553586848
0.5094789118208396
0.5094782699262979
0.5094776279023667
0.5094769857481877
0.5094763434628993
0.509475701045638
0.5094750584955376
0.5094744158117288
0.5094737729933403
0.5094731300394979
0.5094724869493249
0.5094718437219418
0.5094712003564664
0.5094705568520143
0.5094699132076976
0.5094692694226269
0.509468625495909
0.5094679814266484
0.509467337213947
0.509466692856904
0.5094660483546156
0.5094654037061755
0.5094647589106747
0.509464113967201
0.5094634688748398
0.5094628236326739
0.5094621782397827
0.5094615326952432
0.5094608869981293
0.5094602411475126
0.5094595951424613
0.509458948982041
0.5094583026653143
0.509457656191341
0.5094570095591779
0.5094563627678794
0.5094557158164962
0.5094550687040763
0.5094544214296652
0.5094537739923052
0.5094531263910352
0.509452478624892
0.5094518306929086
0.5094511825941155
0.5094505343275395
0.5094498858922055
0.5094492372871345
0.5094485885113449
0.5094479395638514
0.5094472904436662
0.5094466411497984
0.5094459916812539
0.5094453420370353
0.5094446922161422
0.5094440422175711
0.5094433920403155
0.5094427416833656
0.5094420911457082
0.509441440426327
0.5094407895242028
0.5094401384383132
0.5094394871676318
0.5094388357111299
0.5094381840677752
0.509437532236532
0.5094368802163614
0.509436228006221
0.5094355756050657
0.5094349230118463
0.5094342702255111
0.5094336172450042
0.5094329640692669
0.5094323106972369
0.5094316571278485
0.5094310033600329
0.5094303493927174
0.5094296952248263
0.5094290408552801
0.5094283862829959
0.5094277315068878
0.5094270765258658
0.5094264213388364
0.5094257659447032
0.5094251103423659
0.5094244545307205
0.5094237985086592
0.5094231422750717
0.5094224858288428
0.5094218291688546
0.509421172293985
0.5094205152031088
0.5094198578950971
0.5094192003688165
0.509418542623131
0.5094178846569004
0.5094172264689808
0.5094165680582243
0.50941590942348
0.5094152505635927
0.5094145914774034
0.5094139321637495
0.5094132726214644
0.5094126128493781
0.5094119528463164
0.5094112926111011
0.5094106321425504
0.5094099714394789
0.5094093105006967
0.5094086493250103
0.5094079879112224
0.5094073262581313
0.5094066643645319
0.5094060022292144
0.5094053398509659
0.5094046772285689
0.5094040143608016
0.5094033512464391
0.5094026878842516
0.5094020242730055
0.509401360411463
0.5094006962983825
0.5094000319325178
0.5093993673126189
0.5093987024374317
0.5093980373056973
0.5093973719161535
0.5093967062675333
0.5093960403585652
0.5093953741879743
0.5093947077544807
0.5093940410568005
0.5093933740936456
0.509392706863723
0.5093920393657363
0.5093913715983837
0.5093907035603599
0.5093900352503548
0.5093893666670537
0.5093886978091378
0.5093880286752837
0.5093873592641636
0.5093866895744451
0.509386019604791
0.5093853493538605
0.5093846788203076
0.5093840080027812
0.5093833368999265
0.5093826655103841
0.5093819938327895
0.5093813218657732
0.5093806496079624
0.509379977057978
0.5093793042144374
0.5093786310759529
0.5093779576411314
0.5093772839085762
0.509376609876885
0.509375935544651
0.5093752609104626
0.5093745859729029
0.5093739107305508
0.5093732351819796
0.5093725593257588
0.5093718831604517
0.5093712066846172
0.5093705298968095
0.5093698527955774
0.5093691753794648
0.509368497647011
0.509367819596749
0.5093671412272084
0.5093664625369122
0.5093657835243797
0.5093651041881234
0.5093644245266523
0.509363744538469
0.5093630642220716
0.5093623835759525
0.509361702598599
0.5093610212884938
0.5093603396441129
0.509359657663928
0.5093589753464052
0.5093582926900057
0.5093576096931843
0.5093569263543909
0.5093562426720706
0.509355558644662
0.5093548742705987
0.5093541895483089
0.5093535044762151
0.509352819052734
0.5093521332762776
0.5093514471452513
0.5093507606580554
0.5093500738130843
0.509349386608727
0.5093486990433667
0.5093480111153806
0.5093473228231405
0.5093466341650126
0.5093459451393566
0.509345255744527
0.5093445659788725
0.5093438758407354
0.5093431853284524
0.5093424944403542
0.5093418031747657
0.5093411115300057
0.5093404195043875
0.5093397270962172
0.5093390343037961
0.5093383411254186
0.5093376475593734
0.509336953603943
0.5093362592574037
0.5093355645180255
0.5093348693840724
0.509334173853802
0.5093334779254658
0.5093327815973088
0.5093320848675701
0.5093313877344817
0.50933069019627
0.5093299922511545
0.5093292938973487
0.509328595133059
0.5093278959564858
0.509327196365823
0.509326496359258
0.5093257959349713
0.5093250950911368
0.5093243938259221
0.5093236921374881
0.5093229900239887
0.5093222874835714
0.5093215845143769
0.5093208811145389
0.5093201772821847
0.5093194730154342
0.5093187683124007
0.5093180631711914
0.509317357589905
0.5093166515666345
0.5093159450994653
0.5093152381864763
0.5093145308257386
0.5093138230153172
0.5093131147532691
0.5093124060376444
0.5093116968664864
0.5093109872378309
0.5093102771497061
0.509309566600134
0.5093088555871281
0.5093081441086954
0.509307432162835
0.509306719747539
0.509306006860792
0.5093052935005709
0.5093045796648452
0.5093038653515771
0.5093031505587207
0.5093024352842235
0.5093017195260241
0.5093010032820545
0.5093002865502383
0.5092995693284917
0.5092988516147234
0.5092981334068337
0.5092974147027152
0.5092966955002531
0.5092959757973243
0.5092952555917978
0.5092945348815345
0.5092938136643876
0.509293091938202
0.5092923697008149
0.5092916469500548
0.5092909236837425
0.5092901998996904
0.5092894755957027
0.5092887507695754
0.5092880254190962
0.5092872995420443
0.509286573136191
0.5092858461992984
0.5092851187291209
0.5092843907234037
0.5092836621798843
0.5092829330962909
0.5092822034703437
0.5092814732997537
0.5092807425822234
0.509280011315447
0.5092792794971093
0.5092785471248866
0.5092778141964465
0.5092770807094473
0.5092763466615391
0.5092756120503623
0.5092748768735487
0.5092741411287207
0.5092734048134923
0.5092726679254675
0.509271930462242
0.5092711924214015
0.5092704538005233
0.5092697145971743
0.5092689748089132
0.5092682344332887
0.5092674934678403
0.509266751910098
0.5092660097575819
0.5092652670078033
0.5092645236582635
0.509263779706454
0.509263035149857
0.5092622899859447
0.5092615442121795
0.5092607978260144
0.5092600508248921
0.5092593032062458
0.5092585549674983
0.5092578061060626
0.509257056619342
0.5092563065047291
0.509255555759607
0.509254804381348
0.5092540523673148
0.5092532997148593
0.5092525464213234
0.5092517924840388
0.5092510379003262
0.5092502826674963
0.5092495267828494
0.5092487702436748
0.5092480130472514
0.5092472551908477
0.5092464966717213
0.5092457374871188
0.5092449776342762
0.5092442171104192
0.5092434559127615
0.5092426940385069
0.5092419314848473
0.5092411682489643
0.509240404328028
0.5092396397191976
0.5092388744196206
0.5092381084264339
0.5092373417367625
0.5092365743477205
0.5092358062564104
0.509235037459923
0.5092342679553383
0.5092334977397237
0.5092327268101356
0.5092319551636191
0.5092311827972064
0.5092304097079192
0.5092296358927664
0.5092288613487453
0.5092280860728416
0.5092273100620286
0.5092265333132673
0.5092257558235074
0.5092249775896854
0.5092241986087267
0.509223418877543
0.5092226383930349
0.50922185715209
0.5092210751515835
0.5092202923883785
0.5092195088593248
0.5092187245612597
0.5092179394910084
0.5092171536453826
0.5092163670211816
0.5092155796151916
0.5092147914241862
0.5092140024449254
0.509213212674157
0.5092124221086146
0.5092116307450194
0.5092108385800793
0.5092100456104882
0.5092092518329278
0.5092084572440652
0.5092076618405544
0.5092068656190362
0.5092060685761373
0.5092052707084707
0.5092044720126361
0.5092036724852187
0.5092028721227906
0.5092020709219092
0.5092012688791183
0.5092004659909475
0.5091996622539122
0.5091988576645134
0.5091980522192383
0.5091972459145594
0.5091964387469348
0.5091956307128078
0.5091948218086078
0.5091940120307491
0.5091932013756312
0.5091923898396392
0.5091915774191429
0.5091907641104977
0.5091899499100435
0.5091891348141058
0.5091883188189938
0.5091875019210027
0.509186684116412
0.5091858654014856
0.5091850457724718
0.5091842252256045
0.5091834037571007
0.5091825813631622
0.5091817580399756
0.509180933783711
0.509180108590523
0.50917928245655
0.5091784553779145
0.5091776273507229
0.5091767983710656
0.509175968435016
0.5091751375386319
0.509174305677955
0.5091734728490089
0.5091726390478024
0.5091718042703265
0.5091709685125562
0.5091701317704487
0.5091692940399455
0.5091684553169701
0.5091676155974293
0.5091667748772131
0.5091659331521936
0.5091650904182259
0.5091642466711478
0.5091634019067797
0.5091625561209235
0.5091617093093648
0.5091608614678704
0.50916001259219
0.5091591626780547
0.5091583117211779
0.5091574597172548
0.5091566066619627
0.5091557525509605
0.5091548973798884
0.5091540411443686
0.5091531838400045
0.5091523254623809
0.5091514660070635
0.5091506054696
0.5091497438455184
0.5091488811303281
0.5091480173195196
0.5091471524085633
0.5091462863929113
0.509145419267996
0.5091445510292298
0.5091436816720063
0.5091428111916991
0.5091419395836617
0.5091410668432281
0.5091401929657126
0.5091393179464085
0.5091384417805899
0.5091375644635101
0.5091366859904021
0.5091358063564788
0.509134925556932
0.5091340435869328
0.5091331604416323
0.5091322761161594
0.5091313906056236
0.509130503905112
0.5091296160096914
0.5091287269144066
0.5091278366142813
0.509126945104318
0.5091260523794967
0.5091251584347769
0.509124263265095
0.5091233668653664
0.5091224692304839
0.5091215703553185
0.5091206702347185
0.5091197688635104
0.5091188662364975
0.509117962348461
0.5091170571941592
0.5091161507683273
0.5091152430656782
0.5091143340809011
0.5091134238086622
0.5091125122436043
0.5091115993803472
0.509110685213487
0.5091097697375951
0.5091088529472211
0.5091079348368888
0.509107015401099
0.5091060946343282
0.5091051725310287
0.5091042490856281
0.5091033242925296
0.509102398146112
0.5091014706407291
0.5091005417707098
0.509099611530358
0.5090986799139529
0.5090977469157475
0.5090968125299704
0.509095876750824
0.5090949395724853
0.5090940009891053
0.5090930609948097
0.5090921195836972
0.5090911767498412
0.509090232487288
0.5090892867900582
0.5090883396521455
0.5090873910675164
0.5090864410301115
0.5090854895338434
0.5090845365725982
0.5090835821402346
0.5090826262305836
0.5090816688374493
0.5090807099546075
0.5090797495758062
0.5090787876947656
0.5090778243051779
0.5090768594007065
0.509075892974987
0.5090749250216261
0.5090739555342015
0.5090729845062631
0.5090720119313307
0.5090710378028951
0.5090700621144182
0.5090690848593322
0.5090681060310398
0.5090671256229137
0.509066143628297
0.5090651600405023
0.5090641748528125
0.5090631880584796
0.5090621996507254
0.5090612096227407
0.5090602179676857
0.5090592246786898
0.5090582297488502
0.5090572331712337
0.5090562349388755
0.5090552350447788
0.5090542334819149
0.5090532302432236
0.5090522253216115
0.5090512187099545
0.5090502104010942
0.5090492003878409
0.5090481886629712
0.5090471752192286
0.5090461600493243
0.5090451431459354
0.5090441245017052
0.5090431041092442
0.5090420819611284
0.5090410580498993
0.5090400323680653
0.509039004908099
0.5090379756624394
0.50903694462349
0.5090359117836202
0.5090348771351632
0.5090338406704172
0.5090328023816453
0.5090317622610744
0.5090307203008956
0.5090296764932636
0.5090286308302973
0.5090275833040786
0.5090265339066532
0.5090254826300297
0.5090244294661792
0.5090233744070362
0.5090223174444973
0.5090212585704216
0.5090201977766303
0.509019135054906
0.5090180703969941
0.5090170037946008
0.5090159352393934
0.5090148647230006
0.5090137922370123
0.5090127177729784
0.5090116413224098
0.5090105628767777
0.5090094824275129
0.5090083999660062
0.5090073154836083
0.5090062289716293
0.5090051404213378
0.5090040498239621
0.5090029571706891
0.5090018624526639
0.5090007656609903
0.5089996667867299
0.5089985658209024
0.5089974627544847
0.5089963575784116
0.5089952502835747
0.5089941408608227
0.508993029300961
0.5089919155947515
0.5089907997329121
0.5089896817061168
0.5089885615049958
0.5089874391201341
0.5089863145420723
0.5089851877613063
0.5089840587682863
0.5089829275534175
0.5089817941070589
0.508980658419524
0.50897952048108
0.5089783802819475
0.5089772378123004
0.5089760930622658
0.5089749460219236
0.5089737966813057
0.5089726450303973
0.5089714910591346
0.5089703347574063
0.5089691761150517
0.5089680151218623
0.5089668517675798
0.5089656860418972
0.5089645179344575
0.5089633474348537
0.5089621745326294
0.5089609992172767
0.5089598214782378
0.5089586413049041
0.5089574586866151
0.5089562736126589
0.5089550860722724
0.5089538960546396
0.5089527035488925
0.508951508544111
0.5089503110293206
0.5089491109934949
0.5089479084255535
0.5089467033143618
0.5089454956487316
0.50894428541742
0.5089430726091292
0.5089418572125068
0.5089406392161447
0.5089394186085792
0.5089381953782908
0.5089369695137032
0.5089357410031843
0.5089345098350446
0.5089332759975373
0.5089320394788585
0.508930800267146
0.5089295583504796
0.5089283137168809
0.5089270663543118
0.5089258162506759
0.5089245633938171
0.5089233077715194
0.5089220493715063
0.5089207881814413
0.5089195241889268
0.5089182573815045
0.508916987746654
0.5089157152717931
0.5089144399442777
0.5089131617514009
0.5089118806803928
0.5089105967184209
0.5089093098525882
0.5089080200699342
0.5089067273574338
0.5089054317019979
0.5089041330904713
0.5089028315096341
0.5089015269462005
0.5089002193868183
0.508898908818069
0.5088975952264668
0.5088962785984592
0.5088949589204252
0.5088936361786768
0.5088923103594565
0.5088909814489389
0.5088896494332285
0.5088883142983609
0.5088869760303011
0.508885634614944
0.508884290038114
0.5088829422855635
0.5088815913429741
0.5088802371959548
0.5088788798300422
0.5088775192307007
0.5088761553833204
0.5088747882732186
0.5088734178856383
0.5088720442057474
0.5088706672186394
0.5088692869093324
0.5088679032627685
0.5088665162638137
0.5088651258972572
0.5088637321478113
0.5088623350001102
0.5088609344387107
0.5088595304480908
0.5088581230126499
0.5088567121167074
0.5088552977445036
0.5088538798801979
0.5088524585078695
0.5088510336115164
0.5088496051750542
0.5088481731823172
0.5088467376170566
0.5088452984629404
0.5088438557035537
0.5088424093223968
0.5088409593028855
0.5088395056283515
0.5088380482820396
0.5088365872471093
0.5088351225066343
0.5088336540435998
0.5088321818409042
0.5088307058813581
0.508829226147683
0.5088277426225121
0.508826255288388
0.5088247641277641
0.5088232691230028
0.5088217702563753
0.5088202675100613
0.5088187608661477
0.5088172503066298
0.5088157358134084
0.5088142173682911
0.5088126949529912
0.5088111685491263
0.5088096381382198
0.5088081037016974
0.5088065652208895
0.508805022677029
0.5088034760512503
0.5088019253245907
0.5088003704779877
0.5087988114922795
0.5087972483482042
0.5087956810263996
0.5087941095074018
0.5087925337716452
0.5087909537994618
0.5087893695710807
0.5087877810666268
0.5087861882661213
0.5087845911494799
0.508782989696514
0.5087813838869274
0.508779773700318
0.5087781591161759
0.5087765401138837
0.5087749166727149
0.5087732887718336
0.5087716563902941
0.5087700195070407
0.5087683781009051
0.5087667321506085
0.5087650816347588
0.5087634265318501
0.5087617668202636
0.5087601024782655
0.5087584334840066
0.5087567598155218
0.5087550814507291
0.5087533983674296
0.508751710543306
0.5087500179559223
0.5087483205827231
0.5087466184010326
0.5087449113880543
0.50874319952087
0.5087414827764393
0.5087397611315981
0.5087380345630594
0.5087363030474109
0.5087345665611153
0.5087328250805091
0.5087310785818018
0.508729327041076
0.5087275704342848
0.5087258087372535
0.5087240419256766
0.5087222699751177
0.5087204928610101
0.5087187105586537
0.5087169230432159
0.5087151302897298
0.5087133322730945
0.508711528968073
0.5087097203492922
0.508707906391242
0.5087060870682741
0.5087042623546016
0.5087024322242983
0.5087005966512966
0.5086987556093883
0.5086969090722229
0.5086950570133069
0.5086931994060023
0.5086913362235275
0.5086894674389542
0.5086875930252078
0.5086857129550665
0.5086838272011599
0.5086819357359686
0.5086800385318229
0.5086781355609019
0.5086762267952332
0.5086743122066908
0.5086723917669957
0.5086704654477134
0.5086685332202538
0.5086665950558708
0.5086646509256596
0.5086627008005573
0.5086607446513418
0.5086587824486304
0.508656814162878
0.508654839764378
0.5086528592232595
0.508650872509488
0.5086488795928626
0.5086468804430161
0.5086448750294145
0.508642863321354
0.5086408452879618
0.5086388208981947
0.5086367901208371
0.5086347529245012
0.508632709277625
0.508630659148472
0.5086286025051293
0.5086265393155073
0.5086244695473379
0.5086223931681737
0.5086203101453872
0.5086182204461698
0.5086161240375291
0.50861402088629
0.5086119109590924
0.5086097942223897
0.5086076706424487
0.5086055401853474
0.5086034028169748
0.5086012585030287
0.5085991072090155
0.5085969489002482
0.5085947835418458
0.508592611098732
0.5085904315356335
0.5085882448170794
0.5085860509073993
0.5085838497707231
0.5085816413709784
0.5085794256718905
0.5085772026369801
0.5085749722295632
0.5085727344127484
0.5085704891494368
0.5085682364023201
0.5085659761338794
0.5085637083063841
0.5085614328818902
0.5085591498222395
0.5085568590890575
0.5085545606437528
0.5085522544475153
0.508549940461315
0.5085476186459004
0.5085452889617975
0.5085429513693084
0.5085406058285091
0.5085382522992491
0.5085358907411497
0.5085335211136017
0.5085311433757657
0.5085287574865686
0.5085263634047039
0.5085239610886293
0.5085215504965651
0.5085191315864936
0.5085167043161561
0.5085142686430534
0.5085118245244424
0.5085093719173357
0.5085069107784994
0.5085044410644523
0.5085019627314634
0.5084994757355512
0.5084969800324817
0.5084944755777665
0.5084919623266618
0.5084894402341665
0.5084869092550208
0.5084843693437037
0.5084818204544325
0.5084792625411608
0.5084766955575761
0.5084741194570994
0.5084715341928822
0.5084689397178056
0.5084663359844784
0.5084637229452352
0.5084611005521352
0.5084584687569595
0.5084558275112108
0.5084531767661095
0.5084505164725936
0.5084478465813176
0.5084451670426473
0.5084424778066621
0.5084397788231506
0.5084370700416093
0.5084343514112409
0.5084316228809528
0.5084288843993541
0.5084261359147553
0.5084233773751644
0.5084206087282872
0.5084178299215235
0.5084150409019663
0.5084122416163992
0.5084094320112946
0.5084066120328123
0.5084037816267962
0.5084009407387738
0.5083980893139531
0.5083952272972208
0.5083923546331404
0.50838947126595
0.5083865771395608
0.5083836721975539
0.508380756383179
0.508377829639352
0.508374891908653
0.5083719431333243
0.5083689832552674
0.5083660122160418
0.5083630299568627
0.5083600364185981
0.5083570315417669
0.5083540152665372
0.5083509875327232
0.5083479482797837
0.508344897446819
0.5083418349725694
0.508338760795412
0.5083356748533598
0.5083325770840577
0.508329467424781
0.508326345812433
0.5083232121835426
0.5083200664742618
0.5083169086203629
0.508313738557237
0.5083105562198907
0.5083073615429435
0.5083041544606264
0.5083009349067783
0.5082977028148441
0.5082944581178713
0.5082912007485091
0.5082879306390039
0.5082846477211982
0.508281351926527
0.5082780431860159
0.5082747214302775
0.5082713865895103
0.5082680385934945
0.5082646773715895
0.508261302852733
0.5082579149654348
0.5082545136377778
0.5082510987974128
0.5082476703715564
0.5082442282869883
0.5082407724700487
0.5082373028466344
0.5082338193421974
0.5082303218817412
0.5082268103898179
0.5082232847905249
0.5082197450075036
0.508216190963934
0.5082126225825342
0.5082090397855552
0.5082054424947793
0.5082018306315171
0.5081982041166034
0.508194562870395
0.5081909068127671
0.508187235863111
0.5081835499403294
0.5081798489628353
0.5081761328485469
0.5081724015148855
0.5081686548787725
0.5081648928566252
0.5081611153643538
0.5081573223173588
0.5081535136305269
0.5081496892182281
0.5081458489943125
0.5081419928721063
0.5081381207644089
0.5081342325834893
0.5081303282410832
0.5081264076483883
0.5081224707160621
0.5081185173542179
0.5081145474724209
0.5081105609796853
0.5081065577844704
0.5081025377946767
0.5080985009176434
0.5080944470601428
0.508090376128379
0.5080862880279821
0.5080821826640061
0.5080780599409235
0.5080739197626236
0.508069762032407
0.5080655866529823
0.5080613935264631
0.508057182554362
0.5080529536375896
0.5080487066764482
0.5080444415706291
0.5080401582192083
0.5080358565206423
0.5080315363727647
0.508027197672781
0.5080228403172664
0.5080184642021598
0.5080140692227608
0.5080096552737252
0.508005222249061
0.5080007700421237
0.5079962985456133
0.5079918076515685
0.5079872972513633
0.5079827672357027
0.5079782174946182
0.5079736479174635
0.5079690583929101
0.5079644488089428
0.5079598190528554
0.5079551690112459
0.507950498570013
0.50794580761435
0.5079410960287422
0.5079363636969597
0.5079316105020555
0.5079268363263597
0.5079220410514743
0.5079172245582689
0.5079123867268769
0.5079075274366894
0.5079026465663509
0.5078977439937548
0.5078928195960382
0.5078878732495774
0.5078829048299822
0.5078779142120922
0.5078729012699704
0.5078678658768998
0.5078628079053769
0.5078577272271075
0.5078526237130015
0.5078474972331675
0.5078423476569078
0.5078371748527135
0.5078319786882591
0.5078267590303969
0.5078215157451521
0.5078162486977178
0.5078109577524486
0.5078056427728566
0.5078003036216052
0.5077949401605036
0.5077895522505015
0.5077841397516838
0.5077787025232651
0.5077732404235833
0.5077677533100952
0.5077622410393703
0.5077567034670847
0.5077511404480164
0.5077455518360385
0.5077399374841148
0.5077342972442919
0.5077286309676956
0.5077229385045238
0.5077172197040409
0.5077114744145715
0.5077057024834954
0.5076999037572401
0.5076940780812763
0.5076882253001112
0.5076823452572815
0.5076764377953491
0.5076705027558931
0.5076645399795049
0.5076585493057811
0.5076525305733183
0.5076464836197047
0.5076404082815164
0.5076343043943089
0.5076281717926118
0.5076220103099217
0.5076158197786966
0.507609600030348
0.5076033508952356
0.5075970722026596
0.5075907637808555
0.507584425456986
0.5075780570571348
0.5075716584062997
0.5075652293283865
0.5075587696462013
0.5075522791814436
0.5075457577547008
0.5075392051854392
0.5075326212919983
0.5075260058915836
0.5075193588002599
0.5075126798329428
0.5075059688033934
0.5074992255242097
0.5074924498068203
0.5074856414614766
0.5074788002972457
0.5074719261220032
0.5074650187424257
0.5074580779639835
0.507451103590933
0.5074440954263093
0.5074370532719189
0.5074299769283316
0.5074228661948733
0.5074157208696193
0.5074085407493839
0.5074013256297161
0.5073940753048891
0.5073867895678944
0.5073794682104328
0.5073721110229068
0.507364717794413
0.5073572883127342
0.5073498223643308
0.5073423197343339
0.5073347802065354
0.5073272035633823
0.5073195895859666
0.5073119380540178
0.507304248745895
0.5072965214385782
0.5072887559076604
0.5072809519273387
0.5072731092704066
0.5072652277082456
0.5072573070108152
0.5072493469466471
0.5072413472828345
0.5072333077850242
0.5072252282174087
0.5072171083427157
0.5072089479222022
0.5072007467156431
0.507192504481324
0.5071842209760322
0.5071758959550472
0.5071675291721326
0.507159120379527
0.5071506693279348
0.5071421757665173
0.5071336394428837
0.5071250601030827
0.507116437491592
0.5071077713513101
0.5070990614235478
0.5070903074480173
0.5070815091628245
0.5070726663044584
0.5070637786077831
0.5070548458060276
0.5070458676307766
0.5070368438119612
0.5070277740778493
0.5070186581550361
0.5070094957684348
0.5070002866412666
0.5069910304950515
0.5069817270495988
0.5069723760229966
0.5069629771316033
0.5069535300900365
0.5069440346111649
0.5069344904060962
0.50692489718417
0.5069152546529457
0.5069055625181936
0.5068958204838852
0.5068860282521815
0.5068761855234264
0.5068662919961326
0.5068563473669749
0.506846351330778
0.5068363035805077
0.5068262038072593
0.5068160517002489
0.5068058469468025
0.5067955892323456
0.5067852782403931
0.5067749136525397
0.5067644951484478
0.5067540224058391
0.5067434951004832
0.5067329129061872
0.5067222754947855
0.506711582536129
0.5067008336980758
0.5066900286464785
0.5066791670451758
0.5066682485559807
0.5066572728386706
0.506646239550976
0.5066351483485706
0.50662399888506
0.5066127908119716
0.5066015237787437
0.5065901974327145
0.5065788114191118
0.5065673653810416
0.5065558589594784
0.5065442917932539
0.5065326635190454
0.5065209737713663
0.5065092221825543
0.5064974083827615
0.5064855319999418
0.5064735926598426
0.5064615899859917
0.5064495235996869
0.5064373931199864
0.506425198163696
0.5064129383453589
0.5064006132772461
0.5063882225693429
0.50637576582934
0.5063632426626218
0.5063506526722552
0.5063379954589792
0.5063252706211931
0.5063124777549468
0.5062996164539286
0.5062866863094546
0.5062736869104582
0.5062606178434782
0.5062474786926485
0.5062342690396876
0.5062209884638859
0.5062076365420966
0.5061942128487235
0.5061807169557107
0.5061671484325319
0.5061535068461783
0.5061397917611484
0.5061260027394376
0.5061121393405263
0.5060982011213697
0.5060841876363865
0.5060700984374483
0.5060559330738686
0.5060416910923924
0.5060273720371841
0.5060129754498188
0.5059985008692696
0.5059839478318977
0.5059693158714419
0.5059546045190073
0.5059398133030552
0.505924941749392
0.5059099893811586
0.5058949557188204
0.5058798402801563
0.5058646425802478
0.5058493621314694
0.5058339984434773
0.5058185510232
0.5058030193748265
0.5057874029997979
0.5057717013967946
0.5057559140617292
0.5057400404877327
0.5057240801651477
0.5057080325815163
0.5056918972215705
0.5056756735672224
0.5056593610975542
0.5056429592888081
0.5056264676143767
0.5056098855447932
0.5055932125477215
0.505576448087947
0.5055595916273662
0.505542642624978
0.5055256005368738
0.5055084648162284
0.5054912349132902
0.5054739102753724
0.5054564903468438
0.5054389745691193
0.5054213623806516
0.5054036532169214
0.5053858465104292
0.5053679416906862
0.5053499381842061
0.5053318354144956
0.5053136328020466
0.5052953297643276
0.5052769257157754
0.5052584200677871
0.5052398122287113
0.5052211016038406
0.5052022875954035
0.505183369602557
0.505164347021378
0.5051452192448567
0.5051259856628879
0.505106645662265
0.5050871986266716
0.5050676439366752
0.5050479809697193
0.5050282091001171
0.5050083276990445
0.5049883361345333
0.5049682337714652
0.5049480199715646
0.5049276940933929
0.5049072554923422
0.5048867035206291
0.5048660375272894
0.5048452568581715
0.5048243608559314
0.5048033488600273
0.5047822202067144
0.5047609742290387
0.5047396102568338
0.5047181276167144
0.5046965256320728
0.5046748036230737
0.5046529609066501
0.5046309967964994
0.5046089106030783
0.504586701633601
0.504564369192033
0.5045419125790895
0.5045193310922318
0.504496624025663
0.5044737906703264
0.5044508303139021
0.5044277422408048
0.5044045257321804
0.5043811800659049
0.5043577045165821
0.504334098355542
0.5043103608508381
0.5042864912672471
0.5042624888662679
0.5042383529061194
0.5042140826417406
0.5041896773247898
0.5041651362036447
0.5041404585234011
0.504115643525874
0.5040906904495979
0.5040655985298265
0.5040403669985344
0.5040149950844176
0.5039894820128944
0.5039638270061078
0.5039380292829257
0.5039120880589449
0.5038860025464915
0.5038597719546234
0.5038333954891343
0.5038068723525552
0.5037802017441586
0.503753382859961
0.503726414892727
0.5036992970319737
0.5036720284639736
0.503644608371761
0.5036170359351342
0.5035893103306627
0.5035614307316915
0.5035333963083466
0.5035052062275411
0.5034768596529805
0.5034483557451702
0.5034196936614217
0.5033908725558586
0.5033618915794253
0.5033327498798938
0.5033034466018708
0.5032739808868066
0.5032443518730036
0.5032145586956245
0.5031846004867014
0.5031544763751443
0.5031241854867523
0.5030937269442223
0.5030630998671588
0.5030323033720857
0.5030013365724556
0.5029701985786619
0.5029388884980499
0.5029074054349283
0.5028757484905815
0.502843916763281
0.5028119093483006
0.5027797253379258
0.5027473638214697
0.5027148238852859
0.5026821046127816
0.5026492050844336
0.5026161243778007
0.5025828615675406
0.5025494157254239
0.5025157859203497
0.5024819712183626
0.5024479706826672
0.5024137833736461
0.502379408348876
0.502344844663145
0.5023100913684706
0.502275147514117
0.5022400121466133
0.5022046843097729
0.5021691630447112
0.5021334473898653
0.502097536381014
0.5020614290512969
0.5020251244312353
0.5019886215487521
0.5019519194291933
0.5019150170953488
0.501877913567474
0.5018406078633122
0.5018030989981163
0.5017653859846708
0.5017274678333165
0.5016893435519718
0.5016510121461576
0.5016124726190203
0.5015737239713568
0.5015347652016384
0.5014955953060363
0.501456213278446
0.501416618110514
0.5013768087916627
0.5013367843091168
0.5012965436479306
0.5012560857910136
0.5012154097191587
0.501174514411069
0.5011333988433867
0.5010920619907195
0.5010505028256709
0.5010087203188675
0.5009667134389888
0.500924481152797
0.5008820224251654
0.5008393362191099
0.5007964214958182
0.5007532772146807
0.5007099023333217
0.5006662958076303
0.5006224565917923
0.5005783836383211
0.5005340758980908
0.5004895323203682
0.500444751852845
0.5003997334416711
0.5003544760314879
0.5003089785654619
0.5002632399853175
0.500217259231372
0.5001710352425698
0.5001245669565162
0.5000778533095128
0.5000308932365922
0.49998368567155355
0.4999362295469978
0.4998885237943636
0.49984056734396315
0.4997923591250186
0.4997438980656985
0.49969518309315364
0.49964621313355595
0.49959698711213263
0.4995475039532063
0.49949776258023093
0.4994477619158295
0.49939750088183277
0.4993469783993162
0.49929619338863945
0.4992451447694838
0.4991938314608909
0.4991422523813025
0.4990904064485978
0.49903829258013377
0.4989859096927839
0.4989332567029776
0.4988803325267397
0.4988271360797302
0.4987736662772836
0.4987199220344496
0.49866590226603225
0.49861160588663084
0.4985570318106789
0.4985021789524863
0.4984470462262776
0.49839163254623414
0.49833593682653415
0.49827995798139235
0.4982236949251023
0.49816714657207567
0.49811031183688387
0.4980531896342987
0.4979957788793329
0.4979380784872812
0.4978800873737619
0.4978218044547564
0.4977632286466509
0.49770435886627795
0.4976451940309559
0.4975857330585313
0.49752597486741873
0.4974659183766421
0.4974055625058753
0.4973449061754832
0.4972839483065621
0.4972226878209806
0.49716112364141996
0.49709925469141514
0.4970370798953946
0.4969745981787211
0.49691180846773186
0.49684870968977835
0.4967853007732672
0.49672158064769956
0.4966575482437104
0.49659320249310956
0.4965285423289203
0.4964635666854186
0.49639827449817314
0.49633266470408394
0.496266736241421
0.49620048804986394
0.49613391907053944
0.49606702824606075
0.4959998145205646
0.49593227683975044
0.49586441415091775
0.49579622540300267
0.49572770954661705
0.4956588655340842
0.4955896923194758
0.4955201888586496
0.4954503541092844
0.49538018703091713
0.4953096865849781
0.49523885173482685
0.49516768144578727
0.49509617468518285
0.4950243304223707
0.49495214762877704
0.49487962527792995
0.4948067623454945
0.49473355780930517
0.49466001064939924
0.49458611984805034
0.4945118843897993
0.4944373032614884
0.49436237545229117
0.49428709995374526
0.4942114757597823
0.49413550186675936
0.49405917727348986
0.4939825009812718
0.49390547199391877
0.4938280893177888
0.493750351961813
0.49367225893752376
0.49359380925908336
0.4935150019433115
0.49343583600971175
0.49335631048049877
0.49327642438062536
0.4931961767378074
0.4931155665825499
0.49303459294817187
0.4929532548708313
0.49287155138954913
0.49278948154623325
0.49270704438570134
0.49262423895570473
0.49254106430695005
0.4924575194931214
0.4923736035709023
0.49228931559999656
0.4922046546431487
0.49211961976616453
0.49203421003793074
0.49194842453043425
0.4918622623187807
0.4917757224812135
0.49168880409913085
0.4916015062571041
0.4915138280428938
0.49142576854746667
0.4913373268650116
0.4912485020929553
0.491159293331977
0.4910696996860235
0.4909797202623228
0.4908893541713985
0.49079860052708235
0.4907074584465272
0.49061592705021945
0.4905240054619907
0.4904316928090292
0.4903389882218904
0.49024589083450787
0.4901523997842032
0.4900585142116949
0.48996423326110816
0.48986955607998334
0.4897744818192837
0.48967900963340366
0.48958313868017556
0.4894868681208768
0.4893901971202362
0.48929312484643983
0.4891956504711365
0.48909777316944325
0.4889994921199492
0.4889008065047208
0.488801715509305
0.4887022183227323
0.48860231413752153
0.48850200214968004
0.4884012815587076
0.48830015156759776
0.4881986113828394
0.48809666021441733
0.4879942972758136
0.4878915217840071
0.48778833295947455
0.48768473002618906
0.48758071221162
0.48747627874673133
0.48737142886598095
0.4872661618073182
0.4871604768121821
0.4870543731254991
0.48694784999567986
0.4868409066746164
0.4867335424176791
0.48662575648371265
0.4865175481350326
0.4864089166374204
0.4862998612601197
0.4861903812758316
0.4860804759607089
0.4859701445943523
0.4858593864598032
0.4857482008435395
0.48563658703546914
0.48552454432892417
0.48541207202065345
0.4852991694108187
0.48518583580298413
0.48507207050411333
0.4849578728245594
0.48484324207805946
0.48472817758172704
0.4846126786560435
0.48449674462485215
0.4843803748153489
0.4842635685580762
0.48414632518691286
0.48402864403906853
0.48391052445507343
0.48379196577877176
0.4836729673573124
0.48355352854114103
0.4834336486839919
0.4833133271428792
0.4831925632780889
0.48307135645316995
0.4829497060349264
0.48282761139340835
0.4827050719019039
0.482582086936931
0.48245865587822834
0.4823347781087477
0.48221045301464555
0.4820856799852744
0.4819604584131755
0.48183478769406984
0.4817086672268509
0.4815820964135762
0.48145507465946014
0.4813276013728659
0.4811996759652982
0.48107129785139563
0.48094246644892374
0.4808131811787678
0.48068344146492537
0.48055324673450106
0.48042259641769824
0.48029148994781345
0.4801599267612305
0.4800279062974143
0.47989542799890444
0.4797624913113109
0.47962909568330797
0.47949524056662907
0.47936092541606296
0.4792261496894481
0.47909091284766886
0.47895521435465166
0.4788190536773614
0.47868243028579754
0.4785453436529913
0.4784077932550033
0.4782697785709202
0.47813129908285346
0.4779923542759367
0.477852943638325
0.4777130666611934
0.47757272283873575
0.4774319116681651
0.477290632649713
0.47714888528663
0.4770066690851867
0.4768639835546738
0.47672082820740497
0.47657720255871794
0.4764331061269762
0.476288538433573
0.4761434990029332
0.47599798736251775
0.47585200304282677
0.47570554557740446
0.4755586145028434
0.4754112093587906
0.4752633296879518
0.4751149750360991
0.474966144952076
0.47481683898780574
0.47466705669829773
0.47451679764165594
0.47436606137908716
0.4742148474749097
0.4740631554965629
0.4739109850146167
0.4737583356027817
0.4736052068379203
0.4734515983000577
0.47329750957239286
0.473142940241312
0.47298788989639984
0.47283235813045343
0.4726763445394955
0.4725198487227882
0.4723628702828482
0.47220540882546125
0.47204746395969743
0.4718890352979282
0.47173012245584073
0.4715707250524574
0.4714108427101509
0.4712504750546634
0.47108962171512414
0.47092828232406925
0.4707664565174596
0.4706041439347015
0.47044134421866657
0.4702780570157124
0.4701142819757037
0.46995001875203385
0.46978526700164686
0.46962002638505973
0.4694542965663855
0.46928807721335664
0.469121367997349
0.468954168593405
0.4687864786802599
0.46861829794036536
0.4684496260599157
0.4682804627288738
0.46811080764099644
0.4679406604938628
0.4677700209888995
0.46759888883140965
0.4674272637305995
0.46725514539960733
0.4670825335555322
0.46690942791946244
0.4667358282165047
0.46656173417581415
0.46638714553062444
0.4662120620182777
0.46603648338025433
0.46586040936220624
0.46568383971398564
0.465506774189678
0.4653292125476327
0.4651511545504967
0.4649725999652455
0.4647935485632158
0.4646140001201393
0.464433954416175
0.4642534112359422
0.4640723703685552
0.46389083160765554
0.4637087947514472
0.46352625960272975
0.46334322596893307
0.4631596936621515
0.46297566249917854
0.4627911323015418
0.46260610289553716
0.46242057411226445
0.46223454578766177
0.4620480177625414
0.46186098988262364
0.4616734619985741
0.46148543396603664
0.46129690564567094
0.4611078769031863
0.46091834760937733
0.46072831764016026
0.46053778687660674
0.46034675520498053
0.46015522251677177
0.4599631887087329
0.4597706536829138
0.4595776173466958
0.4593840796128282
0.45919004039946193
0.4589954996301851
0.4588004572340569
0.4586049131456421
0.45840886730504593
0.45821231965794756
0.45801527015563404
0.4578177187550344
0.45761966541875226
0.45742111011509967
0.45722205281813005
0.45702249350767055
0.45682243216935403
0.4566218687946525
0.4564208033809074
0.45621923593136116
0.45601716645518975
0.45581459496753135
0.4556115214895182
0.4554079460483055
0.45520386867710194
0.45499928941519785
0.4547942083079942
0.45458862540703115
0.4543825407700156
0.4541759544608481
0.4539688665496499
0.4537612771127897
0.453553186232908
0.45334459399894417
0.4531355005061593
0.45292590585616155
0.45271581015692913
0.45250521352283296
0.4522941160746593
0.4520825179396315
0.45187041925143046
0.45165782015021594
0.45144472078264464
0.45123112130189147
0.4510170218676656
0.4508024226462296
0.45058732381041555
0.4503717255396418
0.45015562801992764
0.4499390314439085
0.4497219360108496
0.44950434192665956
0.4492862494039014
0.44906765866180554
0.4488485699262794
0.44862898342991775
0.4484088994120116
0.44818831811855586
0.4479672398022576
0.44774566472254157
0.4475235931455562
0.44730102534417737
0.4470779615980134
0.44685440219340666
0.44663034742343627
0.44640579758791826
0.4461807529934061
0.44595521395318927
0.44572918078729173
0.4455026538224689
0.445275633392203
0.4450481198366994
0.4448201135028796
0.444591614744375
0.4443626239215187
0.44413314140133686
0.4439031675575377
0.44367270277050264
0.4434417474272718
0.44321030192153227
0.44297836665360424
0.44274594203042505
0.44251302846553325
0.4422796263790516
0.44204573619766835
0.44181135835461766
0.44157649328966003
0.44134114144905956
0.4411053032855623
0.44086897925837165
0.44063216983312425
0.44039487548186396
0.44015709668301467
0.43991883392135245
0.4396800876879763
0.4394408584802781
0.4392011468019109
0.4389609531627578
0.43872027807889624
0.4384791220725658
0.4382374856721315
0.43799536941204653
0.4377527738328157
0.43750969948095636
0.4372661469089574
0.43702211667523994
0.4367776093441139
0.4365326254857359
0.4362871656760646
0.436041230496816
0.4357948205354163
0.4355479363849565
0.43530057864414173
0.43505274791724424
0.43480444481405156
0.43455566994981654
0.43430642394520325
0.43405670742623587
0.43380652102424294
0.43355586537580265
0.4333047411226869
0.4330531489118039
0.43280108939514017
0.43254856322970137
0.432295571077453
0.43204211360525924
0.4317881914848211
0.4315338053926139
0.43127895600982463
0.4310236440222864
0.43076787012041384
0.43051163499913775
0.4302549393578376
0.42999778390027377
0.42974016933452003
0.4294820963728938
0.4292235657318861
0.42896457813209155
0.4287051342981369
0.4284452349586078
0.4281848808459779
0.4279240726965338
0.42766281125030237
0.4274010972509743
0.4271389314458304
0.42687631458566455
0.4266132474247075
0.4263497307205496
0.4260857652340637
0.42582135172932567
0.4255564909735367
0.4252911837369437
0.4250254307927597
0.42475923291708334
0.4244925908888184
0.4242255054895931
0.42395797750367814
0.4236900077179048
0.42342159692158354
0.42315274590642055
0.4228834554664349
0.42261372639787687
0.42234355949914226
0.4220729555706901
0.42180191541495843
0.42153043983628047
0.4212585296407999
0.42098618563638573
0.42071340863254914
0.4204401994403571
0.42016655887234916
0.41989248774244986
0.4196179868658869
0.41934305705910324
0.41906769913967357
0.4187919139262184
0.41851570223831935
0.4182390648964336
0.41796200272180956
0.41768451653640054
0.41740660716278166
0.41712827542406394
0.41684952214380966
0.4165703481459484
0.41629075425469286
0.4160107412944538
0.4157303100897575
0.4154494614651615
0.4151681962451709
0.414886515254156
0.41460441931626946
0.4143219092553631
0.4140389858949072
0.41375565005790693
0.41347190256682276
0.41318774424348825
0.41290317590903025
0.4126181983837881
0.41233281248723486
0.4120470190378973
0.4117608188532772
0.411474212749774
0.4111872015426062
0.410899786045734
0.41061196707178416
0.4103237454319722
0.41003512193602765
0.40974609739211953
0.40945667260678176
0.40916684838483897
0.4088766255293347
0.4085860048414578
0.4082949871204718
0.40800357316364283
0.40771176376617
0.4074195597211161
0.40712696181933755
0.4068339708494174
0.40654058759759687
0.4062468128477095
0.4059526473811147
0.40565809197663305
0.4053631474104803
0.4050678144562065
0.4047720938846308
0.4044759864637804
0.40417949295882927
0.40388261413203724
0.40358535074269114
0.40328770354704546
0.40298967329826463
0.402691260746366
0.40239246663816314
0.40209329171721103
0.40179373672375107
0.40149380239465726
0.40119348946338396
0.40089279865991284
0.4005917307107031
0.4002902863386392
0.39998846626298407
0.3996862711993281
0.39938370185954286
0.3990807589517336
0.3987774431801938
0.39847375524535966
0.3981696958437656
0.3978652656680018
0.3975604654066705
0.39725529574434526
0.3969497573615292
0.3966438509346164
0.3963375771358511
0.3960309366332906
0.3957239300907668
0.39541655816785076
0.3951088215198157
0.3948007207976028
0.39449225664778675
0.3941834297125422
0.39387424062961085
0.39356469003227096
0.3932547785493048
0.39294450680496945
0.3926338754189669
0.39232288500641554
0.3920115361778219
0.39169982953905386
0.39138776569131417
0.39107534523111404
0.3907625687502493
0.39044943683577527
0.3901359500699829
0.3898221090303775
0.3895079142896541
0.3891933664156779
0.38887846597146275
0.38856321351515033
0.3882476095999913
0.38793165477432623
0.38761534958156707
0.3872986945601795
0.38698169024366585
0.3866643371605486
0.3863466358343541
0.3860285867835978
0.3857101905217689
0.38539144755731664
0.38507235839363546
0.384752923529053
0.3844331434568174
0.3841130186650838
0.38379254963690446
0.38347173685021574
0.38315058077782904
0.38282908188741976
0.382507240641517
0.38218505749749554
0.38186253290756605
0.38153966731876665
0.3812164611729555
0.38089291490680194
0.38056902895178113
0.3802448037341658
0.37992023967501976
0.3795953371901933
0.3792700966903161
0.3789445185807924
0.3786186032617965
0.37829235112826815
0.3779657625699074
0.37763883797117187
0.3773115777112724
0.376983982164171
0.3766560516985774
0.37632778667794553
0.37599918746047317
0.37567025439909896
0.3753409878415012
0.3750113881300967
0.37468145560203947
0.3743511905892209
0.37402059341826865
0.3736896644105478
0.3733584038821597
0.37302681214394406
0.3726948895014796
0.37236263625508476
0.37203005269981976
0.3716971391254891
0.3713638958166427
0.37103032305258
0.3706964211073513
0.3703621902497622
0.37002763074337663
0.36969274284652154
0.36935752681229017
0.36902198288854793
0.36868611131793627
0.3683499123378794
0.3680133861805889
0.3676765330730704
0.36733935323713096
0.3670018468893842
0.3666640142412597
0.36632585549901
0.3659873708637183
0.36564856053130895
0.36530942469255423
0.36496996353308625
0.3646301772334054
0.3642900659688928
0.36394962990981955
0.3636088692213595
0.3632677840636014
0.36292637459156213
0.3625846409551982
0.3622425832994222
0.36190020176411547
0.36155749648414404
0.3612144675893743
0.3608711152046892
0.3605274394500056
0.36018344044029205
0.3598391182855869
0.3594944730910178
0.3591495049568215
0.35880421397836476
0.3584586002461654
0.3581126638459145
0.3577664048584999
0.3574198233600299
0.3570729194218578
0.35672569311060687
0.35637814448819843
0.3560302736118778
0.3556820805342429
0.35533356530327403
0.3549847279623634
0.35463556855034684
0.3542860871015353
0.35393628364574914
0.35358615820835093
0.3532357108102821
0.35288494146809907
0.3525338501940103
0.35218243699591484
0.35183070187744314
0.35147864483799673
0.35112626587279105
0.3507735649728993
0.3504205421252951
0.3500671973129012
0.34971353051463355
0.34935954170545225
0.34900523085640894
0.34865059793469955
0.3482956429037155
0.34794036572309817
0.34758476634879315
0.347228844733107
0.3468726008247657
0.3465160345689727
0.34615914590747066
0.345801934778603
0.3454444011173776
0.34508654485553303
0.3447283659216026
0.34436986424098504
0.34401103973601377
0.3436518923260261
0.34329242192743875
0.3429326284538204
0.3425725118159677
0.34221207192198416
0.34185130867735775
0.3414902219850418
0.3411288117455392
0.3407670778569836
0.3404050202152273
0.34004263871392704
0.3396799332446347
0.339316903696886
0.3389535499582944
0.33858987191464407
0.33822586944998667
0.33786154244673694
0.3374968907857738
0.3371319143465403
0.33676661300714567
0.3364009866444701
0.3360350351342709
0.3356687583512895
0.335302156169361
0.3349352284615254
0.3345679751001404
0.3342003959569956
0.33383249090342915
0.3334642598104451
0.3330957025488335
0.33272681898929124
0.33235760900254563
0.3319880724594787
0.33161820923125296
0.331248019189441
0.33087750220615386
0.33050665815417296
0.3301354869070826
0.3297639883394055
0.32939216232673857
0.3290200087458903
0.32864752747502135
0.32827471839378475
0.3279015813834693
0.32752811632714296
0.32715432310979947
0.3267802016185054
0.32640575174254916
0.3260309733735907
0.32565586640581407
0.3252804307360807
0.3249046662640841
0.3245285728925054
0.3241521505271719
0.32377539907721614
0.3233983184552353
0.3230209085774536
0.3226431693638853
0.32226510073849907
0.32188670262938335
0.32150797496891353
0.3211289176939198
0.32074953074585766
0.3203698140709755
0.31998976762048936
0.31960939135075445
0.31922868522343867
0.31884764920569825
0.31846628327035276
0.31808458739606327
0.31770256156750915
0.31732020577556824
0.3169375200174954
0.31655450429710397
0.316171158624947
0.31578748301849946
0.3154034775023422
0.315019142108345
0.3146344768758515
0.31424948185186474
0.3138641570912324
0.3134785026568346
0.31309251861976933
0.31270620505954183
0.3123195620642523
0.31193258973078347
0.3115452881649912
0.31115765748189317
0.31076969780585845
0.31038140927079916
0.30999279202035845
0.30960384620810366
0.3092145719977154
0.3088249695631794
0.30843503908897807
0.3080447807702798
0.3076541948131331
0.30726328143465564
0.30687204086322584
0.3064804733386752
0.3060885791124776
0.30569635844794124
0.3053038116203993
0.30491093891739995
0.30451774063889586
0.30412421709743553
0.3037303686183509
0.3033361955399475
0.3029416982136924
0.3025468770044028
0.3021517322904316
0.30175626446385706
0.30136047393066656
0.3009643611109433
0.3005679264390511
0.3001711703638172
0.2997740933487176
0.29937669587205695
0.2989789784271519
0.2985809415225112
0.29818258568201406
0.29778391144509
0.2973849193668957
0.2969856100184916
0.2965859839870162
0.2961860418758612
0.2957857843048432
0.29538521191037553
0.2949843253456389
0.29458312528074826
0.2941816124029224
0.2937797874166481
0.29337765104384483
0.29297520402402843
0.2925724471144708
0.29216938109036067
0.29176600674496045
0.2913623248897633
0.29095833635464774
0.29055404198802887
0.2901494426570101
0.28974453924753213
0.2893393326645203
0.28893382383202804
0.2885280136933818
0.28812190321132036
0.28771549336813573
0.28730878516580777
0.28690177962613994
0.28649447779089243
0.28608688072191046
0.2856789895012547
0.2852708052313246
0.28486232903498315
0.2844535620556772
0.28404450545755644
0.2836351604255889
0.28322552816567476
0.2828156099047576
0.2824054068909327
0.2819949203935526
0.2815841517033315
0.2811731021324444
0.28076177301462646
0.2803501657052666
0.2799382815815022
0.2795261220423064
0.27911368850857665
0.2787009824232175
0.278288005251223
0.2778747584797543
0.27746124361821445
0.27704746219832177
0.27663341577417877
0.2762191059223375
0.27580453424186535
0.27538970235440235
0.27497461190422046
0.2745592645582764
0.2741436620062633
0.2737278059606584
0.2733116981567666
0.2728953403527628
0.27247873432973013
0.2720618818916937
0.27164478486565324
0.2712274451016114
0.2708098644725977
0.27039204487469154
0.26997398822703933
0.26955569647187044
0.2691371715745083
0.26871841552337844
0.2682994303300139
0.2678802180290558
0.2674607806782522
0.26704112035845196
0.2666212391735959
0.26620113925070465
0.2657808227398628
0.26536029181419896
0.26493954866986363
0.2645185955260024
0.2640974346247259
0.26367606823107764
0.2632544986329954
0.262832728141272
0.2624107590895112
0.2619885938340797
0.26156623475405644
0.26114368425117873
0.26072094474978347
0.2602980186967454
0.2598749085614127
0.2594516168355375
0.25902814603320495
0.2586044986907561
0.25818067736670935
0.25775668464167845
0.25733252311828464
0.2569081954210688
0.25648370419639666
0.25605905211236324
0.25563424185869205
0.2552092761466316
0.2547841577088482
0.25435888929931594
0.2539334736932026
0.25350791368675174
0.2530822120971625
0.2526563717624651
0.2522303955413941
0.2518042863132567
0.2513780469777986
0.25095168045506755
0.25052518968527104
0.2500985776286334
0.2496718472652483
0.2492450015949274
0.24881804363704724
0.24839097643039318
0.24796380303299723
0.24753652652197686
0.24710914999336697
0.24668167656195206
0.24625410936109196
0.24582645154254817
0.2453987062763041
0.2449708767503837
0.2445429661706671
0.24411497776070434
0.24368691476152293
0.24325878043143706
0.24283057804585037
0.24240231089705708
0.24197398229404188
0.2415455955622747
0.24111715404350437
0.24068866109554868
0.24026012009208347
0.23983153442242608
0.23940290749132054
0.23897424271871626
0.23854554353954652
0.238116813403504
0.23768805577481406
0.23725927413200493
0.23683047196767743
0.23640165278826947
0.2359728201138227
0.23554397747774197
0.23511512842655657
0.234686276519677
0.23425742532915209
0.23382857843942095
0.23339973944706716
0.23297091196056605
0.23254209960003472
0.23211330599697738
0.23168453479403062
0.23125578964470506
0.2308270742131283
0.23039839217378255
0.22996974721124475
0.2295411430199205
0.22911258330378229
0.2286840717761004
0.22825561215917667
0.22782720818407529
0.22739886359035238
0.22697058212578464
0.22654236754609647
0.22611422361468653
0.2256861541023534
0.22525816278701855
0.22483025345345112
0.22440242989298956
0.2239746959032623
0.22354705528791055
0.2231195118563064
0.22269206942327385
0.22226473180880507
0.221837502837781
0.22141038633968751
0.220983386148333
0.2205565061015643
0.22012975004098412
0.2197031218116657
0.21927662526186956
0.21885026424275847
0.21842404260811218
0.21799796421404327
0.21757203291871272
0.217146252582043
0.21672062706543546
0.2162951602314842
0.21586985594369174
0.2154447180661839
0.2150197504634269
0.21459495699994185
0.21417034154002254
0.2137459079474509
0.2133216600852147
0.21289760181522585
0.21247373699803743
0.21205006949256378
0.2116266031557983
0.21120334184253528
0.2107802894050891
0.21035744969301784
0.20993482655284318
0.20951242382777588
0.20909024535743823
0.20866829497759165
0.2082465765198591
0.20782509381145606
0.20740385067491696
0.206982850927824
0.20656209838253983
0.20614159684593722
0.20572135011913342
0.20530136199722432
0.20488163626902026
0.2044621767167824
0.20404298711596253
0.2036240712349423
0.20320543283477482
0.2027870756689278
0.2023690034830287
0.2019512200146093
0.20153372899285682
0.2011165341383599
0.20069963916286232
0.20028304776901576
0.1998667636501344
0.19945079048995082
0.19903513196237657
0.19861979173126107
0.19820477345015447
0.1977900807620726
0.19737571729926273
0.19696168668297184
0.19654799252321753
0.1961346384185607
0.1957216279558795
0.19530896471014672
0.19489665224420843
0.19448469410856542
0.1940730938411555
0.19366185496714056
0.19325098099869317
0.19284047543478763
0.1924303417609913
0.19202058344926037
0.19161120395773623
0.19120220673054492
0.1907935951975996
0.19038537277440432
0.18997754286186005
0.1895701088460757
0.18916307409817668
0.18875644197412236
0.18835021581451963
0.18794439894444367
0.18753899467325885
0.18713400629444302
0.18672943708541379
0.18632529030735795
0.18592156920506364
0.18551827700675363
0.18511541692392328
0.1847129921511791
0.18431100586608107
0.18390946122898885
0.18350836138290663
0.18310770945333532
0.1827075085481233
0.1823077617573232
0.18190847215304884
0.1815096427893368
0.18111127670200833
0.1807133769085355
0.1803159464079111
0.17991898818051785
0.17952250518800356
0.1791265003731569
0.17873097665978727
0.17833593695260608
0.17794138413711147
0.17754732107947505
0.17715375062643246
0.17676067560517514
0.1763680988232455
0.17597602306843543
0.17558445110868526
0.17519338569198856
0.17480282954629564
0.1744127853794246
0.17402325587896933
0.173634243712215
0.1732457515260533
0.17285778194690155
0.1724703375806235
0.1720834210124535
0.1716970348069235
0.17131118150779062
0.17092586363796988
0.17054108369946816
0.17015684417331992
0.16977314751952755
0.16938999617700207
0.1690073925635075
0.16862533907560717
0.16824383808861354
0.16786289195653856
0.16748250301204862
0.16710267356642028
0.16672340590949866
0.1663447023096605
0.16596656501377396
0.16558899624716839
0.16521199821360066
0.1648355730952253
0.16445972305256815
0.1640844502245016
0.16370975672822088
0.16333564465922518
0.16296211609129788
0.16258917307649304
0.16221681764511825
0.16184505180572725
0.16147387754510706
0.1611032968282724
0.1607333115984606
0.16036392377712894
0.15999513526395218
0.1596269479368256
0.1592593636518674
0.1588923842434241
0.15852601152407741
0.1581602472846542
0.15779509329423702
0.1574305513001782
0.15706662302811358
0.1567033101819808
0.1563406144440377
0.15597853747488213
0.15561708091347654
0.15525624637717025
0.15489603546172728
0.15453644974135278
0.15417749076872445
0.15381916007502217
0.1534614591699625
0.15310438954183306
0.1527479526575284
0.1523921499625894
0.15203698288124215
0.1516824528164387
0.1513285611499016
0.15097530924216684
0.1506226984326306
0.1502707300395972
0.14991940536032625
0.1495687256710854
0.14921869222720024
0.14886930626310949
0.14852056899241775
0.1481724816079532
0.14782504528182377
0.14747826116547702
0.1471321303897591
0.14678665406497668
0.14644183328096
0.14609766910712538
0.1457541625925417
0.1454113147659959
0.14506912663606
0.1447275991911616
0.14438673339965052
0.14404653020987238
0.14370699055023978
0.1433681153293037
0.14302990543583038
0.14269236173887345
0.142355485087852
0.14201927631262726
0.1416837362235796
0.14134886561168877
0.1410146652486129
0.14068113588676964
0.14034827825941779
0.14001609308074
0.1396845810459253
0.13935374283125432
0.1390235790941837
0.13869409047343187
0.13836527758906547
0.13803714104258766
0.1377096814170239
0.13738289927701314
0.137056795168895
0.13673136962080162
0.1364066231427468
0.13608255622671891
0.13575916934677112
0.13543646295911543
0.13511443750221414
0.13479309339687565
0.13447243104634632
0.13415245083640678
0.13383315313546634
0.13351453829465953
0.13319660664794114
0.13287935851218374
0.13256279418727376
0.13224691395621072
0.13193171808520304
0.1316172068237677
0.13130338040482828
0.13099023904481408
0.13067778294375978
0.13036601228540426
0.13005492723729156
0.12974452795087058
0.12943481456159545
0.12912578718902687
0.1288174459369332
0.12850979089339087
0.12820282213088668
0.12789653970641962
0.12759094366160206
0.12728603402276234
0.12698181080104695
0.12667827399252363
0.126375423578282
0.12607325952453838
0.12577178178273743
0.12547099028965525
0.12517088496750237
0.12487146572402727
0.12457273245261835
0.12427468503240835
0.12397732332837712
0.12368064719145466
0.12338465645862444
0.12308935095302719
0.12279473048406318
0.12250079484749656
0.12220754382555794
0.12191497718704772
0.12162309468743937
0.12133189606898254
0.12104138106080531
0.12075154937901852
0.1204624007268179
0.12017393479458664
0.119886151259998
0.11959904978811858
0.11931263003151027
0.11902689163033242
0.11874183421244415
0.11845745739350645
0.11817376077708408
0.11789074395474665
0.11760840650617127
0.11732674799924254
0.1170457679901548
0.11676546602351255
0.116485841632431
0.11620689433863722
0.11592862365256974
0.115651029073479
0.11537411008952736
0.11509786617788828
0.11482229680484604
0.11454740142589458
0.11427317948583633
0.11399963041888149
0.11372675364874478
0.11345454858874535
0.11318301464190302
0.11291215120103665
0.11264195764886058
0.11237243335808246
0.11210357769149878
0.11183539000209151
0.11156786963312447
0.11130101591823813
0.11103482818154553
0.11076930573772673
0.11050444789212382
0.11024025394083503
0.10997672317080869
0.10971385485993673
0.10945164827714789
0.10919010268250105
0.1089292173272768
0.10866899145407051
0.10840942429688372
0.1081505150812152
0.1078922630241531
0.10763466733446407
0.10737772721268457
0.10712144185121093
0.10686581043438784
0.10661083213859836
0.10635650613235229
0.10610283157637443
0.10584980762369273
0.10559743341972552
0.10534570810236908
0.10509463080208359
0.10484420064198033
0.10459441673790693
0.10434527819853286
0.10409678412543522
0.10384893361318213
0.10360172574941834
0.10335515961494801
0.10310923428381841
0.1028639488234028
0.10261930229448357
0.10237529375133331
0.10213192224179722
0.1018891868073739
0.1016470864832969
0.10140562029861394
0.10116478727626835
0.10092458643317667
0.1006850167803095
0.10044607732276933
0.1002077670598687
0.09997008498520794
0.099733030086753
0.09949660134691135
0.09926079774260971
0.09902561824536876
0.09879106182137964
0.09855712743157839
0.09832381403172105
0.09809112057245788
0.09785904599940666
0.09762758925322655
0.09739674926969093
0.09716652497975917
0.09693691530964972
0.09670791918091058
0.0964795355104914
0.09625176321081341
0.09602460118983977
0.09579804835114551
0.09557210359398685
0.09534676581337019
0.09512203390012017
0.09489790674094778
0.09467438321851832
0.09445146221151804
0.09422914259472118
0.0940074232390557
0.09378630301166929
0.09356578077599509
0.09334585539181624
0.09312652571533
0.09290779059921273
0.09268964889268247
0.09247209944156248
0.09225514108834391
0.09203877267224882
0.09182299302929048
0.09160780099233608
0.09139319539116689
0.09117917505253965
0.09096573880024571
0.09075288545517114
0.09054061383535635
0.09032892275605417
0.09011781102978889
0.08990727746641333
0.08969732087316783
0.08948794005473563
0.08927913381330085
0.08907090094860436
0.08886324025799913
0.08865615053650638
0.08844963057687001
0.08824367916961179
0.08803829510308474
0.08783347716352756
0.08762922413511733
0.0874255348000232
0.0872224079384584
0.08701984232873188
0.08681783674730112
0.08661638996882288
0.0864155007662033
0.08621516791064952
0.08601539017171947
0.0858161663173711
0.08561749511401169
0.08541937532654742
0.08522180571843091
0.08502478505170998
0.08482831208707477
0.08463238558390566
0.08443700430031938
0.08424216699321632
0.08404787241832595
0.0838541193302533
0.083660906482523
0.083468232627626
0.08327609651706269
0.08308449690138774
0.08289343253025382
0.08270290215245495
0.08251290451596985
0.08232343836800399
0.08213450245503268
0.0819460955228426
0.0817582163165731
0.08157086358075785
0.081384036059366
0.08119773249584161
0.08101195163314462
0.08082669221379028
0.08064195297988877
0.08045773267318387
0.08027403003509204
0.08009084380674023
0.07990817272900448
0.07972601554254719
0.07954437098785432
0.07936323780527245
0.07918261473504548
0.07900250051735058
0.07882289389233448
0.07864379360014856
0.07846519838098434
0.07828710697510839
0.07810951812289672
0.07793243056486925
0.07775584304172332
0.07757975429436754
0.07740416306395491
0.07722906809191567
0.0770544681199901
0.07688036189026025
0.07670674814518266
0.07653362562761924
0.07636099308086874
0.07618884924869826
0.076017192875373
0.0758460227056873
0.07567533748499465
0.0755051359592371
0.0753354168749746
0.07516617897941473
0.07499742102044084
0.0748291417466412
0.07466133990733653
0.07449401425260839
0.07432716353332688
0.07416078650117724
0.07399488190868773
0.07382944850925625
0.07366448505717617
0.07349999030766295
0.07333596301688036
0.07317240194196498
0.07300930584105306
0.07284667347330398
0.07268450359892596
0.07252279497920058
0.07236154637650627
0.0722007565543427
0.07204042427735469
0.071880548311355
0.07172112742334776
0.07156216038155136
0.07140364595542105
0.071245582915671
0.07108797003429645
0.07093080608459554
0.07077408984119124
0.0706178200800518
0.07046199557851254
0.07030661511529607
0.07015167747053316
0.06999718142578318
0.06984312576405316
0.06968950926981875
0.06953633072904325
0.06938358892919663
0.06923128265927478
0.06907941070981881
0.06892797187293231
0.06877696494230144
0.06862638871321143
0.06847624198256524
0.06832652354890154
0.06817723221241069
0.06802836677495362
0.06787992604007752
0.06773190881303336
0.06758431390079153
0.06743714011205897
0.06729038625729485
0.06714405114872594
0.06699813360036323
0.06685263242801648
0.06670754644930953
0.06656287448369566
0.06641861535247184
0.0662747678787937
0.06613133088768951
0.0659883032060747
0.06584568366276529
0.06570347108849198
0.06556166431591363
0.06542026217963023
0.06527926351619676
0.06513866716413513
0.06499847196394763
0.06485867675812929
0.06471928039118
0.06458028170961692
0.06444167956198613
0.06430347279887491
0.06416566027292257
0.06402824083883245
0.063891213353383
0.06375457667543862
0.06361832966596048
0.06348247118801764
0.06334700010679681
0.0632119152896133
0.06307721560592072
0.06294289992732127
0.06280896712757507
0.06267541608261026
0.06254224567053232
0.06240945477163273
0.06227704226839925
0.062145007045523885
0.06201334798991175
0.061882063990690045
0.061751153939216576
0.06162061672908749
0.061490451256145745
0.06136065641848912
0.06123123111647814
0.06110217425274299
0.06097348473219201
0.06084516146201881
0.06071720335170847
0.0605896093130461
0.06046237826012277
0.060335509109342364
0.06020900077942831
0.06008285219143048
0.059957062268730286
0.059831629937048436
0.05970655412444968
0.059581833761349345
0.05945746778051867
0.05933345511709129
0.05920979470856736
0.059086485494820117
0.05896352641810036
0.058840916423041956
0.05871865445666645
0.058596739468388157
0.058475170410018616
0.05835394623577124
0.05823306590226586
0.058112528368532944
0.057992332596017535
0.05787247754858367
0.05775296219251835
0.05763378549653482
0.057514946431776896
0.05739644397182222
0.05727827709268554
0.057160444772822824
0.05704294599313321
0.05692577973696334
0.05680894499010974
0.056692440740821644
0.056576265979804356
0.056460419700221046
0.05634490089769614
0.05622970857031718
0.05611484171863733
0.056000299345677886
0.055886080456930054
0.05577218406035712
0.055658609166396256
0.05554535478796078
0.05543241994044105
0.05531980364170698
0.05520750491210901
0.05509552277447974
0.05498385625413517
0.05487250437887599
0.05476146617898875
0.05465074068724665
0.05454032693891099
0.05443022397173158
0.05432043082594785
0.054210946544289075
0.05410177017197539
0.05399290075671833
0.053884337348720904
0.05377607900067784
0.0536681247677767
0.05356047370769706
0.053453124880610756
0.053346077349182584
0.0532393301785693
0.05313288243642019
0.053026733192876235
0.05292088152057024
0.05281532649462627
0.05271006719265898
0.05260510269477347
0.052500432083564155
0.05239605444411457
0.05229196886399618
0.05218817443326784
0.05208467024447454
0.05198145539264681
0.05187852897529936
0.05177589009242995
0.051673537846518285
0.05157147134252494
0.05146968968788942
0.051368191992529656
0.05126697736883945
0.05116604493168794
0.05106539379841731
0.0509650230888415
0.05086493192524459
0.050765119432378325
0.05066558473746109
0.05056632697017558
0.050467345262666774
0.0503686387495403
0.050270206567859646
0.05017204785714497
0.05007416175937006
0.04997654741896056
