0.5379067904424177
0.5254366375181254
0.5142054488198708
0.5104906803599208
0.5117953159555026
0.5133978883068917
0.5134950038429988
0.5128099630499396
0.5123436472398688
0.5122839716933799
0.5122989380846454
0.5121464600075665
0.5118699586919169
0.5116300504116107
0.5115154492521421
0.5115065927301296
0.5115414059948336
0.511575382934979
0.5115937180547381
0.5115962593231395
0.5115847351800542
0.5115608188535832
0.5115284147029688
0.5114936484807472
0.5114622507702864
0.5114372002067681
0.5114183740707783
0.5114037598128712
0.5113909288366567
0.5113779600309661
0.511363744188913
0.5113479307547674
0.5113307343461001
0.5113126941132647
0.511294430486035
0.5112764489398436
0.5112590339666307
0.5112422419024214
0.5112259640009413
0.5112100153930392
0.5111942132180781
0.5111784253835424
0.5111625877178809
0.5111466967947589
0.5111307891142611
0.5111149168578506
0.5110991278045753
0.5110834533926648
0.5110679053946062
0.5110524791407364
0.5110371601134528
0.5110219309124884
0.511006776557986
0.5109916872821663
0.5109766589454472
0.5109616918035481
0.5109467885364849
0.5109319523270534
0.5109171854867514
0.5109024888057234
0.5108878615468824
0.5108733018592684
0.510858807352245
0.5108443756200749
0.5108300045939493
0.5108156926880472
0.5108014387729232
0.5107872420437809
0.510773101855337
0.5107590175786151
0.5107449885097111
0.5107310138362234
0.5107170926497697
0.5107032239849016
0.5106894068646958
0.5106756403384827
0.5106619235043853
0.5106482555159152
0.5106346355763468
0.5106210629264882
0.5106075368312317
0.5105940565686926
0.5105806214237332
0.5105672306858928
0.5105538836505905
0.5105405796220192
0.5105273179162655
0.5105140978636545
0.510500918809875
0.5104877801159167
0.5104746811571527
0.5104616213220046
0.5104486000105914
0.5104356166336211
0.5104226706116377
0.5104097613746085
0.5103968883617529
0.5103840510214929
0.5103712488114152
0.510358481198177
0.5103457476573243
0.5103330476730286
0.5103203807377696
0.5103077463519959
0.5102951440237918
0.5102825732685715
0.5102700336088044
0.5102575245737722
0.5102450456993488
0.510232596527794
0.5102201766075528
0.5102077854930551
0.5101954227445122
0.510183087927714
0.5101707806138236
0.510158500379175
0.5101462468050757
0.510134019477614
0.5101218179874721
0.5101096419297437
0.5100974909037588
0.5100853645129086
0.5100732623644783
0.5100611840694771
0.5100491292424747
0.5100370975014378
0.5100250884675687
0.5100131017651466
0.5100011370213701
0.509989193866203
0.509977271932221
0.5099653708544601
0.5099534902702676
0.5099416298191533
0.5099297891426422
0.5099179678841297
0.5099061656887358
0.5098943822031612
0.5098826170755436
0.5098708699553143
0.5098591404930575
0.5098474283403656
0.5098357331496995
0.5098240545742454
0.5098123922677738
0.5098007458844972
0.5097891150789272
0.5097774995057335
0.5097658988195993
0.5097543126750778
0.5097427407264483
0.5097311826275703
0.5097196380317373
0.509708106591529
0.509696587958663
0.509685081783845
0.5096735877166161
0.5096621054052005
0.5096506344963508
0.5096391746351904
0.509627725465055
0.5096162866273323
0.5096048577612977
0.5095934385039498
0.5095820284898402
0.5095706273509055
0.5095592347162909
0.5095478502121747
0.5095364734615881
0.5095251040842311
0.5095137416962869
0.5095023859102302
0.5094910363346338
0.5094796925739691
0.5094683542284039
0.509457020893596
0.5094456921604803
0.5094343676150528
0.5094230468381489
0.5094117294052165
0.5094004148860838
0.5093891028447213
0.5093777928389966
0.509366484420426
0.5093551771339158
0.5093438705175
0.509332564102069
0.5093212574110917
0.5093099499603302
0.5092986412575456
0.5092873308021965
0.5092760180851281
0.5092647025882532
0.509253383784222
0.5092420611360848
0.5092307340969421
0.509219402109585
0.509208064606126
0.5091967210076147
0.5091853707236456
0.5091740131519509
0.5091626476779811
0.5091512736744718
0.509139890500997
0.5091284975035064
0.5091170940138503
0.5091056793492836
0.5090942528119589
0.5090828136883974
0.5090713612489459
0.509059894747211
0.509048413419477
0.5090369164841011
0.5090254031408883
0.5090138725704447
0.5090023239335053
0.5089907563702403
0.5089791689995338
0.5089675609182374
0.508955931200397
0.508944278896448
0.5089326030323837
0.5089209026088906
0.5089091766004504
0.5088974239544104
0.5088856435900145
0.5088738343974001
0.5088619952365538
0.5088501249362275
0.5088382222928107
0.5088262860691599
0.5088143149933791
0.5088023077575529
0.5087902630164283
0.5087781793860424
0.5087660554422951
0.5087538897194618
0.5087416807086453
0.5087294268561651
0.5087171265618746
0.5087047781774143
0.5086923800043848
0.5086799302924457
0.5086674272373326
0.5086548689787878
0.5086422535984028
0.5086295791173658
0.5086168434941112
0.5086040446218656
0.5085911803260852
0.5085782483617789
0.5085652464107123
0.5085521720784852
0.5085390228914775
0.5085257962936542
0.5085124896432284
0.5084991002091653
0.5084856251675305
0.5084720615976616
0.5084584064781678
0.5084446566827361
0.5084308089757414
0.5084168600076487
0.5084028063101931
0.5083886442913299
0.5083743702299408
0.508359980270282
0.5083454704161611
0.5083308365248295
0.5083160743005711
0.5083011792879738
0.5082861468648661
0.5082709722348971
0.5082556504197443
0.5082401762509247
0.5082245443611896
0.5082087491754771
0.5081927849014
0.5081766455192385
0.5081603247714155
0.5081438161514171
0.5081271128921324
0.5081102079535771
0.5080930940099619
0.5080757634360726
0.508058208292918
0.5080404203126012
0.5080223908823722
0.5080041110278116
0.5079855713950892
0.5079667622322497
0.5079476733694601
0.5079282941981605
0.5079086136490473
0.5078886201688236
0.507868301695636
0.5078476456331199
0.5078266388229675
0.5078052675159265
0.5077835173411331
0.5077613732736765
0.5077388196002819
0.5077158398829988
0.507692416920765
0.5076685327087196
0.507644168395114
0.5076193042356799
0.5075939195452871
0.5075679926467205
0.5075415008163988
0.5075144202268341
0.5074867258856316
0.5074583915708073
0.5074293897621905
0.507399691568664
0.5073692666509748
0.5073380831398403
0.5073061075490467
0.5072733046832274
0.5072396375399834
0.5072050672059928
0.5071695527467316
0.5071330510894059
0.5070955168986764
0.5070569024447289
0.5070171574632197
0.5069762290066032
0.506934061286316
0.5068905955052745
0.5068457696801061
0.5067995184525171
0.5067517728891617
0.5067024602693603
0.5066515038599839
0.5065988226767975
0.5065443312315279
0.5064879392639101
0.5064295514579356
0.5063690671415185
0.5063063799687852
0.5062413775841809
0.5061739412675972
0.5061039455597277
0.5060312578668786
0.5059557380444951
0.5058772379586999
0.5057956010252084
0.5057106617250484
0.50562224509662
0.5055301662037395
0.5054342295794633
0.5053342286456542
0.5052299451084619
0.5051211483301333
0.5050075946778438
0.5048890268505722
0.504765173185413
0.5046357469451405
0.5045004455893274
0.5043589500318473
0.5042109238881929
0.5040560127167056
0.5038938432585244
0.5037240226818551
0.5035461378370041
0.5033597545295124
0.5031644168196887
0.5029596463578105
0.5027449417652882
0.502519778073102
0.5022836062298368
0.5020358526926124
0.5017759191151194
0.5015031821477856
0.5012169933657693
0.5009166793409822
0.50060154187462
0.500270858406693
0.4999238826187422
0.49955984524527447
0.49917795510838336
0.4987774003885296
0.49835735014250665
0.49791695607718556
0.4974553545847472
0.4969716690417735
0.49646501237083157
0.4959344898591276
0.49537920222450516
0.4947982489146565
0.4941907316210377
0.49355575798479473
0.49289244546820843
0.4921999253619208
0.49147734689572453
0.49072388141912565
0.48993872661740445
0.4891211107295992
0.48827029673677935
0.4873855864921899
0.48646632476924134
0.48551190320878573
0.48452176415342374
0.48349540436346883
0.4824323786162948
0.48133230319771914
0.48019485930040096
0.4790197963494994
0.47780693527962187
0.47655617178896736
0.475267479596195
0.4739409137226412
0.47257661381689686
0.4711748075303669
0.4697358139413491
0.46826004701158563
0.4667480190435059
0.46520034408899064
0.46361774124206606
0.46200103772922674
0.4603511716929566
0.45866919454738553
0.4569562727708827
0.45521368898973774
0.4534428422008888
0.45164524698079916
0.4498225315328106
0.4479764344371734
0.4461087999867565
0.4442215720171937
0.44231678617257947
0.4403965605860744
0.4384630849978439
0.4365186083791787
0.43456542517968416
0.432605860362085
0.43064225343430707
0.42867694172893295
0.42671224321379214
0.42475043914253147
0.42279375686905496
0.42084435315375335
0.41890429828202097
0.4169755612968628
0.4150599966181915
0.41315933228298146
0.4112751599946055
0.4094089271184834
0.40756193070698926
0.405735313581737
0.40393006244819185
0.4021470079680976
0.4003868266712015
0.3986500445505456
0.3969370421560664
0.3952480609798559
0.3935832109132197
0.3919424785502755
0.39032573611460974
0.3887327507935849
0.38716319427820856
0.3856166523239506
0.3840926341683839
0.382590581663968
0.38110987800769897
0.37964985597284706
0.37820980557086936
0.3767889810932086
0.3753866075026444
0.3740018861618071
0.37263399990219837
0.37128211745049927
0.36994539724004166
0.3686229906441624
0.3673140446748287
0.3660177041945904
0.36473311369275363
0.36345941867787035
0.36219576673842296
0.36094130832214694
0.3596951972819926
0.35845659123347573
0.3572246517642751
0.3559985445325984
0.35477743928616723
0.35356050982883974
0.35234693395695643
0.3511358933826039
0.3499265736561615
0.3487181640958185
0.3475098577272494
0.34630085123232635
0.3450903449016676
0.34387754258195946
0.34266165160535544
0.3414418826848551
0.34021744975638785
0.3389875697453971
0.3377514622330256
0.33650834899458687
0.3352574533808733
0.33399799951105286
0.33272921124447985
0.33145031089774696
0.3301605176728001
0.32885904576200287
0.3275451020967436
0.3262178837076204
0.32487657466651065
0.3235203425840239
0.32214833464005876
0.320759673130544
0.3193534505200534
0.3179287239979778
0.3164845095454328
0.3150197755312638
0.31353343586851473
0.31202434277779156
0.31049127922127906
0.30893295109103497
0.30734797925787827
0.3057348916130338
0.3040921152640254
0.3024179690794515
0.30071065681453235
0.29896826109085056
0.2971887385495839
0.29536991654746453
0.29350949181810954
0.2916050315770331
0.2896539776046895
0.28765365389541636
0.28560127850713146
0.2834939802816344
0.28132882112136437
0.2791028244968085
0.27681301080912035
0.2744564401333469
0.2720302627066451
0.2695317772910799
0.26695849722195597
0.26430822354397915
0.2615791241391521
0.25876981717166786
0.2558794565377245
0.252907816347963
0.24985537083844575
0.24672336556872876
0.24351387540004252
0.24022984463515432
0.23687510492168687
0.23345436713279225
0.22997318447240322
0.22643788549192537
0.22285547748267176
0.21923352269864135
0.21557999189231067
0.21190310150346303
0.20821114231162471
0.20451230825428102
0.20081453428904622
0.1971253515824997
0.19345176697982933
0.18980017177887754
0.1861762825070483
0.18258511393468538
0.1790309822205147
0.1755175341144888
0.17204779672395282
0.16862424158305883
0.1652488566658124
0.16192322047859575
0.15864857332083518
0.1554258820359269
0.152255895903561
0.1491391925840588
0.14607621409103738
0.1430672935678879
0.14011267415488526
0.13721252147853827
0.1343669313229609
0.13157593391764194
0.12883949606001804
0.12615752203814237
0.12352985406792213
0.1209562727355242
0.11843649775070256
0.11597018917385324
0.11355694917567627
0.11119632431764653
0.10888780829739067
0.10663084507907382
0.1044248323193486
0.10226912499963861
0.10016303918183445
0.09810585581410389
0.096096824524524
0.09413516735134039
0.09222008236909
0.09035074717920553
0.0885263222419081
0.08674595403319513
0.08500877801658836
0.0833139214241512
0.08166050584518067
0.08004764962406531
0.07847447007116141
0.07694008549229553
0.07544361704374795
0.07398419042040992
0.07256093738532918
0.07117299714912673
0.06981951760786358
0.06849965644788295
0.06721258212602238
0.06595747473336887
0.06473352675047882
0.06353994370169055
0.06237594471584372
0.061240763000399816
0.060133646235622264
0.05905385689514664
0.05800067249893653
0.05697338580429874
0.055971304940306
0.05499375349066352
0.05404007052975139
0.05310961061627474
0.05220174374866988
0.05131585528613437
0.050451345838887024
0.04960763113100619
