0.5108744311813879
0.5107948482120994
0.5107264835174906
0.5106677483337384
0.5106172758460066
0.5105738906885424
0.5105365825279173
0.5105044832094237
0.5104768470058638
0.5104530335623861
0.5104324931804236
0.5104147541282342
0.5103994117051939
0.5103861188221787
0.5103745778914274
0.510364533846571
0.5103557681374313
0.5103480935650765
0.5103413498408244
0.510335399768713
0.5103301259646998
0.510325428037759
0.5103212201683661
0.5103174290287708
0.5103139919971731
0.5103108556245654
0.5103079743187482
0.5103053092149794
0.5103028272069775
0.5103005001156837
0.5102983039763478
0.5102962184272287
0.5102942261855495
0.5102923125983614
0.5102904652577107
0.5102886736709917
0.5102869289786568
0.510285223712559
0.5102835515891466
0.5102819073325501
0.5102802865233024
0.5102786854690329
0.5102771010939959
0.5102755308447398
0.5102739726096006
0.5102724246500385
0.5102708855421132
0.5102693541266359
0.510267829466747
0.5102663108118443
0.5102647975669399
0.5102632892666575
0.5102617855531923
0.5102602861576537
0.5102587908842962
0.510257299597209
0.5102558122091059
0.5102543286718985
0.5102528489687899
0.5102513731076597
0.5102499011155447
0.5102484330340507
0.5102469689155512
0.5102455088200533
0.5102440528126269
0.5102426009613079
0.5102411533354019
0.5102397100041238
0.5102382710355173
0.5102368364956122
0.5102354064477748
0.5102339809522227
0.5102325600656735
0.5102311438411048
0.5102297323276035
0.51022832557029
0.5102269236103011
0.5102255264848212
0.5102241342271491
0.5102227468667957
0.5102213644296036
0.5102199869378815
0.510218614410552
0.5102172468633064
0.5102158843087634
0.5102145267566304
0.5102131742138653
0.5102118266848338
0.5102104841714676
0.5102091466734143
0.5102078141881858
0.5102064867112994
0.5102051642364132
0.5102038467554559
0.5102025342587511
0.5102012267351338
0.510199924172062
0.5101986265557212
0.5101973338711243
0.5101960461022041
0.5101947632319009
0.5101934852422463
0.5101922121144381
0.5101909438289147
0.5101896803654205
0.5101884217030715
0.510187167820412
0.5101859186954703
0.5101846743058102
0.5101834346285785
0.5101821996405483
0.5101809693181619
0.5101797436375675
0.5101785225746555
0.5101773061050908
0.5101760942043443
0.51017488684772
0.5101736840103821
0.5101724856673785
0.5101712917936635
0.5101701023641189
0.5101689173535716
0.5101677367368138
0.5101665604886162
0.5101653885837456
0.5101642209969769
0.5101630577031067
0.5101618986769645
0.5101607438934241
0.5101595933274125
0.5101584469539192
0.5101573047480051
0.510156166684809
0.5101550327395556
0.5101539028875602
0.5101527771042365
0.5101516553650999
0.5101505376457733
0.5101494239219916
0.5101483141696036
0.5101472083645786
0.5101461064830067
0.5101450085011034
0.5101439143952109
0.5101428241418013
0.5101417377174778
0.510140655098977
0.5101395762631697
0.510138501187063
0.5101374298478012
0.5101363622226659
0.510135298289078
0.5101342380245977
0.5101331814069248
0.5101321284138994
0.5101310790235027
0.5101300332138557
0.5101289909632205
0.5101279522499997
0.5101269170527367
0.5101258853501153
0.5101248571209588
0.5101238323442309
0.5101228109990343
0.510121793064611
0.5101207785203411
0.5101197673457429
0.5101187595204719
0.5101177550243206
0.5101167538372173
0.5101157559392262
0.5101147613105459
0.5101137699315094
0.5101127817825829
0.510111796844365
0.5101108150975864
0.5101098365231085
0.5101088611019235
0.5101078888151522
0.510106919644045
0.5101059535699789
0.5101049905744588
0.5101040306391148
0.5101030737457032
0.5101021198761037
0.51010116901232
0.5101002211364786
0.510099276230827
0.5100983342777349
0.5100973952596903
0.5100964591593022
0.5100955259592965
0.5100945956425174
0.5100936681919251
0.5100927435905961
0.510091821821721
0.5100909028686051
0.5100899867146669
0.5100890733434363
0.5100881627385562
0.510087254883778
0.5100863497629653
0.5100854473600888
0.5100845476592282
0.5100836506445702
0.5100827563004082
0.5100818646111414
0.5100809755612732
0.5100800891354119
0.5100792053182686
0.5100783240946571
0.5100774454494927
0.5100765693677918
0.5100756958346708
0.5100748248353455
0.5100739563551306
0.5100730903794385
0.5100722268937781
0.5100713658837556
0.5100705073350728
0.5100696512335252
0.5100687975650038
0.5100679463154925
0.5100670974710677
0.5100662510178984
0.5100654069422443
0.5100645652304557
0.5100637258689739
0.5100628888443277
0.5100620541431359
0.5100612217521043
0.5100603916580264
0.5100595638477818
0.5100587383083361
0.5100579150267408
0.5100570939901306
0.5100562751857252
0.5100554586008272
0.5100546442228218
0.5100538320391765
0.5100530220374397
0.5100522142052412
0.5100514085302904
0.5100506050003764
0.5100498036033676
0.5100490043272102
0.5100482071599285
0.510047412089624
0.5100466191044748
0.5100458281927346
0.5100450393427332
0.5100442525428748
0.510043467781638
0.5100426850475752
0.5100419043293123
0.5100411256155472
0.5100403488950502
0.5100395741566637
0.5100388013893002
0.5100380305819434
0.5100372617236466
0.5100364948035327
0.5100357298107936
0.5100349667346895
0.5100342055645487
0.5100334462897664
0.5100326888998055
0.5100319333841945
0.5100311797325283
0.5100304279344673
0.5100296779797364
0.5100289298581255
0.5100281835594884
0.5100274390737418
0.5100266963908662
0.5100259555009041
0.5100252163939608
0.5100244790602024
0.5100237434898574
0.5100230096732138
0.5100222776006208
0.5100215472624869
0.5100208186492806
0.5100200917515291
0.5100193665598178
0.5100186430647914
0.510017921257151
0.5100172011276558
0.5100164826671216
0.5100157658664211
0.5100150507164821
0.5100143372082893
0.5100136253328817
0.5100129150813536
0.5100122064448538
0.5100114994145848
0.5100107939818029
0.5100100901378183
0.5100093878739931
0.5100086871817427
0.5100079880525344
0.510007290477887
0.510006594449371
0.5100058999586083
0.5100052069972703
0.5100045155570799
0.5100038256298096
0.5100031372072811
0.5100024502813655
0.5100017648439832
0.5100010808871025
0.5100003984027405
0.5099997173829613
0.5099990378198778
0.5099983597056488
0.5099976830324806
0.5099970077926257
0.5099963339783828
0.5099956615820971
0.509994990596158
0.5099943210130017
0.5099936528251076
0.5099929860250011
0.509992320605251
0.5099916565584702
0.5099909938773154
0.5099903325544866
0.5099896725827264
0.5099890139548209
0.509988356663598
0.5099877007019278
0.5099870460627223
0.5099863927389351
0.509985740723561
0.5099850900096355
0.5099844405902354
0.5099837924584772
0.5099831456075178
0.5099825000305539
0.5099818557208217
0.5099812126715968
0.5099805708761936
0.5099799303279655
0.5099792910203043
0.5099786529466392
0.509978016100439
0.5099773804752086
0.5099767460644911
0.5099761128618664
0.5099754808609513
0.5099748500554
0.509974220438902
0.5099735920051832
0.5099729647480062
0.5099723386611682
0.5099717137385024
0.5099710899738769
0.509970467361195
0.5099698458943941
0.5099692255674468
0.5099686063743594
0.5099679883091726
0.5099673713659597
0.5099667555388293
0.5099661408219216
0.5099655272094112
0.5099649146955045
0.5099643032744413
0.509963692940493
0.5099630836879638
0.5099624755111896
0.5099618684045379
0.509961262362408
0.5099606573792306
0.509960053449467
0.5099594505676097
0.5099588487281821
0.5099582479257374
0.5099576481548598
0.5099570494101631
0.5099564516862909
0.5099558549779171
0.509955259279744
0.5099546645865045
0.5099540708929593
0.5099534781938988
0.5099528864841416
0.509952295758535
0.5099517060119547
0.5099511172393044
0.5099505294355154
0.5099499425955474
0.5099493567143871
0.5099487717870488
0.5099481878085741
0.5099476047740311
0.5099470226785152
0.5099464415171485
0.5099458612850792
0.5099452819774821
0.5099447035895579
0.5099441261165335
0.5099435495536612
0.5099429738962195
0.5099423991395118
0.5099418252788667
0.5099412523096385
0.509940680227206
0.509940109026973
0.5099395387043675
0.5099389692548424
0.5099384006738749
0.5099378329569659
0.5099372660996406
0.509936700097448
0.5099361349459608
0.5099355706407751
0.5099350071775103
0.5099344445518093
0.5099338827593374
0.5099333217957835
0.5099327616568591
0.509932202338298
0.5099316438358567
0.5099310861453139
0.5099305292624707
0.5099299731831499
0.5099294179031962
0.5099288634184765
0.5099283097248787
0.5099277568183125
0.5099272046947089
0.5099266533500197
0.5099261027802183
0.5099255529812989
0.5099250039492761
0.5099244556801856
0.5099239081700833
0.5099233614150452
0.5099228154111685
0.5099222701545696
0.5099217256413854
0.5099211818677721
0.5099206388299065
0.5099200965239841
0.5099195549462204
0.5099190140928502
0.5099184739601275
0.5099179345443253
0.5099173958417357
0.5099168578486697
0.5099163205614569
0.5099157839764454
0.5099152480900024
0.5099147128985129
0.5099141783983804
0.5099136445860266
0.509913111457891
0.5099125790104315
0.5099120472401231
0.5099115161434593
0.5099109857169506
0.5099104559571253
0.5099099268605289
0.5099093984237243
0.5099088706432915
0.5099083435158273
0.5099078170379457
0.5099072912062778
0.5099067660174706
0.5099062414681886
0.5099057175551124
0.5099051942749387
0.5099046716243814
0.5099041496001695
0.509903628199049
0.5099031074177816
0.5099025872531445
0.5099020677019312
0.5099015487609513
0.5099010304270287
0.509900512697004
0.5098999955677328
0.509899479036086
0.5098989630989496
0.5098984477532249
0.5098979329958282
0.5098974188236909
0.5098969052337589
0.5098963922229931
0.5098958797883691
0.5098953679268768
0.509894856635521
0.5098943459113205
0.5098938357513084
0.5098933261525325
0.5098928171120543
0.5098923086269491
0.5098918006943072
0.5098912933112312
0.5098907864748389
0.5098902801822613
0.5098897744306425
0.5098892692171413
0.5098887645389286
0.5098882603931897
0.5098877567771225
0.5098872536879386
0.5098867511228622
0.5098862490791312
0.5098857475539962
0.5098852465447201
0.5098847460485796
0.5098842460628632
0.5098837465848729
0.5098832476119225
0.5098827491413389
0.5098822511704608
0.50988175369664
0.5098812567172399
0.5098807602296364
0.5098802642312177
0.5098797687193835
0.5098792736915457
0.5098787791451287
0.509878285077568
0.5098777914863107
0.5098772983688167
0.5098768057225561
0.5098763135450115
0.5098758218336766
0.5098753305860568
0.5098748397996687
0.5098743494720397
0.5098738596007091
0.509873370183227
0.5098728812171547
0.509872392700064
0.5098719046295386
0.5098714170031722
0.5098709298185695
0.5098704430733465
0.5098699567651291
0.5098694708915541
0.5098689854502692
0.5098685004389318
0.5098680158552106
0.509867531696784
0.509867047961341
0.509866564646581
0.509866081750213
0.5098655992699566
0.5098651172035416
0.5098646355487072
0.5098641543032029
0.5098636734647881
0.5098631930312318
0.5098627130003133
0.5098622333698208
0.5098617541375525
0.5098612753013169
0.5098607968589306
0.5098603188082207
0.5098598411470235
0.5098593638731846
0.5098588869845592
0.5098584104790109
0.5098579343544136
0.5098574586086495
0.5098569832396104
0.5098565082451967
0.5098560336233182
0.5098555593718936
0.5098550854888501
0.5098546119721239
0.5098541388196602
0.5098536660294127
0.509853193599344
0.5098527215274247
0.5098522498116349
0.5098517784499623
0.5098513074404036
0.5098508367809641
0.5098503664696569
0.5098498965045037
0.5098494268835347
0.509848957604788
0.5098484886663098
0.5098480200661548
0.5098475518023857
0.5098470838730729
0.5098466162762952
0.5098461490101389
0.5098456820726988
0.5098452154620771
0.5098447491763836
0.5098442832137362
0.509843817572261
0.5098433522500907
0.5098428872453666
0.5098424225562368
0.5098419581808575
0.5098414941173921
0.5098410303640116
0.5098405669188942
0.5098401037802258
0.5098396409461993
0.5098391784150149
0.5098387161848804
0.5098382542540103
0.5098377926206268
0.5098373312829585
0.5098368702392417
0.5098364094877195
0.5098359490266421
0.5098354888542662
0.5098350289688564
0.5098345693686829
0.5098341100520235
0.5098336510171629
0.5098331922623922
0.5098327337860094
0.5098322755863188
0.5098318176616321
0.5098313600102669
0.5098309026305474
0.5098304455208049
0.5098299886793767
0.5098295321046067
0.5098290757948449
0.5098286197484485
0.5098281639637803
0.5098277084392093
0.5098272531731115
0.5098267981638686
0.5098263434098683
0.5098258889095053
0.5098254346611797
0.5098249806632977
0.5098245269142723
0.5098240734125211
0.5098236201564694
0.5098231671445475
0.5098227143751912
0.5098222618468435
0.509821809557952
0.509821357506971
0.5098209056923598
0.5098204541125843
0.5098200027661153
0.5098195516514299
0.5098191007670108
0.5098186501113458
0.509818199682929
0.5098177494802598
0.5098172995018427
0.5098168497461883
0.5098164002118126
0.5098159508972367
0.5098155018009873
0.5098150529215969
0.5098146042576023
0.5098141558075465
0.5098137075699776
0.509813259543449
0.509812811726519
0.5098123641177514
0.5098119167157154
0.5098114695189846
0.5098110225261384
0.5098105757357612
0.5098101291464419
0.5098096827567751
0.5098092365653603
0.5098087905708015
0.509808344771708
0.509807899166694
0.5098074537543787
0.509807008533386
0.5098065635023447
0.5098061186598881
0.5098056740046548
0.5098052295352876
0.5098047852504348
0.5098043411487486
0.5098038972288863
0.5098034534895097
0.5098030099292855
0.5098025665468844
0.5098021233409824
0.5098016803102597
0.5098012374534008
0.5098007947690951
0.5098003522560361
0.5097999099129222
0.5097994677384556
0.5097990257313436
0.5097985838902976
0.5097981422140331
0.5097977007012697
0.5097972593507327
0.5097968181611497
0.509796377131254
0.5097959362597828
0.5097954955454769
0.5097950549870822
0.5097946145833481
0.5097941743330284
0.5097937342348811
0.5097932942876678
0.5097928544901549
0.5097924148411122
0.5097919753393141
0.5097915359835383
0.5097910967725672
0.5097906577051867
0.5097902187801868
0.5097897799963613
0.5097893413525081
0.5097889028474285
0.5097884644799285
0.5097880262488171
0.5097875881529075
0.5097871501910167
0.5097867123619653
0.5097862746645776
0.5097858370976817
0.5097853996601097
0.509784962350697
0.5097845251682827
0.5097840881117098
0.5097836511798246
0.5097832143714772
0.509782777685521
0.5097823411208138
0.5097819046762158
0.5097814683505913
0.5097810321428082
0.5097805960517378
0.5097801600762546
0.5097797242152369
0.509779288467566
0.5097788528321273
0.5097784173078089
0.5097779818935028
0.5097775465881038
0.5097771113905105
0.5097766762996244
0.5097762413143507
0.5097758064335978
0.5097753716562772
0.5097749369813037
0.5097745024075955
0.5097740679340733
0.5097736335596621
0.5097731992832893
0.5097727651038857
0.5097723310203851
0.5097718970317244
0.509771463136844
0.509771029334687
0.5097705956241995
0.509770162004331
0.5097697284740337
0.5097692950322628
0.5097688616779772
0.5097684284101375
0.5097679952277087
0.5097675621296576
0.5097671291149545
0.5097666961825725
0.5097662633314877
0.5097658305606789
0.509765397869128
0.5097649652558193
0.5097645327197404
0.5097641002598817
0.509763667875236
0.5097632355647995
0.5097628033275707
0.5097623711625507
0.5097619390687441
0.5097615070451575
0.5097610750908006
0.5097606432046855
0.5097602113858274
0.5097597796332437
0.5097593479459548
0.5097589163229839
0.5097584847633558
0.5097580532660994
0.5097576218302449
0.5097571904548261
0.5097567591388785
0.5097563278814408
0.5097558966815537
0.509755465538261
0.5097550344506088
0.509754603417645
0.5097541724384212
0.5097537415119905
0.509753310637409
0.509752879813735
0.5097524490400291
0.5097520183153545
0.509751587638777
0.5097511570093646
0.5097507264261871
0.5097502958883178
0.5097498653948312
0.5097494349448051
0.509749004537319
0.5097485741714547
0.5097481438462967
0.5097477135609315
0.5097472833144479
0.5097468531059368
0.5097464229344917
0.5097459927992082
0.5097455626991836
0.5097451326335184
0.5097447026013143
0.509744272601676
0.5097438426337096
0.5097434126965241
0.5097429827892297
0.5097425529109397
0.5097421230607692
0.509741693237835
0.5097412634412564
0.5097408336701548
0.5097404039236532
0.5097399742008772
0.5097395445009544
0.509739114823014
0.5097386851661874
0.5097382555296086
0.5097378259124125
0.5097373963137367
0.5097369667327208
0.5097365371685061
0.509736107620236
0.5097356780870557
0.5097352485681124
0.5097348190625552
0.5097343895695352
0.5097339600882052
0.5097335306177203
0.5097331011572366
0.509732671705913
0.5097322422629099
0.5097318128273893
0.5097313833985155
0.509730953975454
0.5097305245573727
0.509730095143441
0.5097296657328301
0.5097292363247131
0.5097288069182643
0.5097283775126606
0.5097279481070803
0.5097275187007031
0.509727089292711
0.5097266598822872
0.5097262304686168
0.5097258010508865
0.509725371628285
0.5097249422000022
0.5097245127652301
0.5097240833231618
0.5097236538729928
0.5097232244139195
0.5097227949451401
0.5097223654658548
0.509721935975265
0.5097215064725739
0.5097210769569857
0.5097206474277074
0.5097202178839462
0.5097197883249116
0.5097193587498146
0.5097189291578673
0.509718499548284
0.50971806992028
0.5097176402730721
0.5097172106058789
0.5097167809179202
0.5097163512084172
0.509715921476593
0.5097154917216719
0.5097150619428792
0.5097146321394427
0.5097142023105903
0.5097137724555526
0.5097133425735605
0.5097129126638471
0.5097124827256466
0.5097120527581942
0.509711622760727
0.5097111927324836
0.5097107626727031
0.5097103325806267
0.509709902455497
0.509709472296557
0.5097090421030522
0.5097086118742284
0.5097081816093335
0.5097077513076163
0.5097073209683266
0.509706890590716
0.5097064601740371
0.5097060297175438
0.5097055992204912
0.5097051686821358
0.5097047381017348
0.5097043074785473
0.5097038768118335
0.5097034461008545
0.5097030153448724
0.5097025845431512
0.5097021536949553
0.5097017227995511
0.5097012918562054
0.5097008608641864
0.5097004298227636
0.5096999987312076
0.50969956758879
0.5096991363947834
0.5096987051484619
0.5096982738491003
0.5096978424959749
0.5096974110883628
0.509696979625542
0.5096965481067917
0.5096961165313928
0.5096956848986264
0.509695253207775
0.5096948214581218
0.509694389648952
0.5096939577795503
0.509693525849204
0.5096930938572001
0.5096926618028277
0.5096922296853756
0.5096917975041353
0.5096913652583972
0.5096909329474546
0.5096905005706006
0.5096900681271297
0.509689635616337
0.5096892030375189
0.5096887703899722
0.5096883376729957
0.5096879048858878
0.5096874720279487
0.509687039098479
0.5096866060967805
0.5096861730221559
0.5096857398739083
0.5096853066513425
0.509684873353763
0.5096844399804765
0.5096840065307895
0.5096835730040096
0.5096831393994455
0.5096827057164065
0.5096822719542028
0.5096818381121453
0.5096814041895459
0.5096809701857168
0.5096805360999717
0.5096801019316246
0.5096796676799903
0.5096792333443845
0.5096787989241236
0.5096783644185247
0.5096779298269056
0.5096774951485852
0.5096770603828829
0.5096766255291182
0.5096761905866125
0.5096757555546867
0.5096753204326636
0.5096748852198655
0.5096744499156161
0.5096740145192399
0.5096735790300615
0.5096731434474064
0.5096727077706013
0.5096722719989725
0.5096718361318477
0.509671400168555
0.5096709641084232
0.5096705279507815
0.5096700916949604
0.5096696553402897
0.5096692188861012
0.5096687823317264
0.509668345676498
0.5096679089197483
0.5096674720608115
0.5096670350990211
0.5096665980337123
0.5096661608642199
0.5096657235898796
0.5096652862100278
0.5096648487240013
0.5096644111311371
0.5096639734307736
0.5096635356222488
0.5096630977049014
0.5096626596780709
0.5096622215410971
0.5096617832933203
0.5096613449340813
0.5096609064627216
0.5096604678785821
0.5096600291810058
0.509659590369335
0.5096591514429126
0.5096587124010822
0.5096582732431879
0.5096578339685736
0.5096573945765844
0.5096569550665654
0.5096565154378621
0.5096560756898203
0.5096556358217865
0.5096551958331073
0.50965475572313
0.5096543154912019
0.5096538751366708
0.5096534346588848
0.5096529940571926
0.5096525533309431
0.5096521124794849
0.5096516715021684
0.5096512303983428
0.5096507891673584
0.5096503478085659
0.5096499063213156
0.509649464704959
0.5096490229588474
0.5096485810823319
0.5096481390747649
0.5096476969354986
0.5096472546638852
0.5096468122592774
0.5096463697210281
0.5096459270484907
0.5096454842410183
0.5096450412979647
0.509644598218684
0.5096441550025297
0.5096437116488565
0.5096432681570188
0.5096428245263713
0.5096423807562687
0.5096419368460663
0.5096414927951192
0.5096410486027828
0.5096406042684127
0.5096401597913646
0.5096397151709944
0.5096392704066578
0.5096388254977116
0.5096383804435114
0.509637935243414
0.5096374898967758
0.5096370444029537
0.5096365987613037
0.5096361529711837
0.5096357070319496
0.5096352609429592
0.509634814703569
0.5096343683131367
0.5096339217710191
0.5096334750765736
0.5096330282291578
0.5096325812281287
0.509632134072844
0.5096316867626611
0.5096312392969373
0.5096307916750304
0.5096303438962975
0.5096298959600967
0.5096294478657851
0.5096289996127206
0.5096285512002601
0.5096281026277617
0.5096276538945825
0.5096272050000802
0.5096267559436118
0.509626306724535
0.5096258573422072
0.5096254077959852
0.5096249580852265
0.5096245082092881
0.509624058167527
0.5096236079593002
0.5096231575839646
0.5096227070408768
0.5096222563293935
0.5096218054488714
0.5096213543986666
0.5096209031781358
0.5096204517866348
0.5096200002235199
0.509619548488147
0.5096190965798716
0.5096186444980494
0.5096181922420358
0.5096177398111861
0.5096172872048552
0.5096168344223984
0.5096163814631701
0.5096159283265247
0.5096154750118168
0.5096150215184003
0.509614567845629
0.5096141139928567
0.5096136599594369
0.5096132057447227
0.5096127513480669
0.5096122967688226
0.5096118420063417
0.5096113870599769
0.5096109319290797
0.509610476613002
0.509610021111095
0.5096095654227099
0.5096091095471973
0.5096086534839079
0.5096081972321918
0.5096077407913985
0.509607284160878
0.5096068273399792
0.5096063703280509
0.509605913124442
0.5096054557285001
0.5096049981395735
0.5096045403570095
0.5096040823801551
0.5096036242083567
0.5096031658409613
0.5096027072773145
0.5096022485167614
0.5096017895586478
0.5096013304023178
0.5096008710471162
0.5096004114923866
0.5095999517374723
0.5095994917817166
0.5095990316244621
0.5095985712650506
0.509598110702824
0.5095976499371231
0.509597188967289
0.5095967277926617
0.5095962664125812
0.5095958048263863
0.5095953430334161
0.5095948810330089
0.5095944188245021
0.5095939564072328
0.5095934937805382
0.5095930309437542
0.509592567896216
0.5095921046372592
0.509591641166218
0.5095911774824264
0.5095907135852177
0.5095902494739246
0.5095897851478797
0.509589320606414
0.509588855848859
0.5095883908745446
0.509587925682801
0.5095874602729571
0.5095869946443414
0.5095865287962823
0.5095860627281062
0.5095855964391405
0.5095851299287106
0.509584663196142
0.5095841962407593
0.5095837290618865
0.5095832616588465
0.5095827940309623
0.5095823261775555
0.5095818580979472
0.509581389791458
0.5095809212574074
0.5095804524951145
0.5095799835038977
0.5095795142830739
0.5095790448319605
0.5095785751498731
0.5095781052361272
0.509577635090037
0.509577164710916
0.5095766940980776
0.5095762232508333
0.5095757521684945
0.509575280850372
0.509574809295775
0.5095743375040125
0.5095738654743927
0.5095733932062221
0.5095729206988073
0.5095724479514541
0.5095719749634665
0.5095715017341484
0.5095710282628026
0.5095705545487309
0.5095700805912345
0.5095696063896132
0.5095691319431667
0.5095686572511926
0.509568182312989
0.5095677071278517
0.5095672316950763
0.5095667560139576
0.5095662800837887
0.5095658039038625
0.5095653274734706
0.5095648507919036
0.509564373858451
0.5095638966724017
0.509563419233043
0.5095629415396619
0.5095624635915437
0.509561985387973
0.5095615069282335
0.5095610282116075
0.5095605492373766
0.509560070004821
0.5095595905132199
0.5095591107618516
0.5095586307499934
0.5095581504769211
0.5095576699419095
0.5095571891442328
0.5095567080831633
0.5095562267579727
0.5095557451679315
0.5095552633123088
0.5095547811903729
0.5095542988013905
0.5095538161446276
0.5095533332193485
0.509552850024817
0.509552366560295
0.5095518828250437
0.5095513988183227
0.5095509145393906
0.5095504299875048
0.5095499451619213
0.509549460061895
0.5095489746866797
0.5095484890355273
0.5095480031076891
0.5095475169024148
0.5095470304189529
0.5095465436565506
0.5095460566144535
0.5095455692919063
0.5095450816881523
0.5095445938024332
0.5095441056339896
0.5095436171820605
0.5095431284458842
0.5095426394246965
0.5095421501177329
0.5095416605242264
0.5095411706434102
0.5095406804745145
0.5095401900167688
0.5095396992694013
0.5095392082316383
0.5095387169027051
0.5095382252818254
0.5095377333682212
0.509537241161113
0.5095367486597205
0.5095362558632613
0.5095357627709517
0.5095352693820061
0.509534775695638
0.5095342817110589
0.5095337874274788
0.5095332928441069
0.5095327979601495
0.5095323027748122
0.5095318072872992
0.5095313114968126
0.5095308154025529
0.5095303190037193
0.5095298222995093
0.5095293252891187
0.5095288279717415
0.5095283303465704
0.5095278324127964
0.5095273341696086
0.5095268356161944
0.5095263367517395
0.5095258375754286
0.5095253380864437
0.5095248382839657
0.5095243381671732
0.5095238377352441
0.5095233369873533
0.509522835922675
0.5095223345403809
0.5095218328396414
0.5095213308196243
0.5095208284794969
0.5095203258184238
0.5095198228355678
0.50951931953009
0.5095188159011499
0.5095183119479048
0.5095178076695104
0.5095173030651201
0.5095167981338862
0.509516292874958
0.5095157872874839
0.5095152813706101
0.5095147751234803
0.5095142685452371
0.5095137616350205
0.509513254391969
0.509512746815219
0.5095122389039045
0.5095117306571583
0.5095112220741105
0.5095107131538893
0.5095102038956212
0.5095096942984304
0.509509184361439
0.5095086740837673
0.5095081634645334
0.5095076525028532
0.5095071411978405
0.5095066295486074
0.5095061175542632
0.5095056052139154
0.5095050925266696
0.5095045794916293
0.5095040661078951
0.5095035523745659
0.5095030382907386
0.5095025238555075
0.5095020090679651
0.5095014939272015
0.5095009784323041
0.5095004625823589
0.5094999463764489
0.5094994298136555
0.509498912893057
0.5094983956137301
0.5094978779747488
0.5094973599751853
0.5094968416141084
0.5094963228905857
0.5094958038036819
0.5094952843524594
0.509494764535978
0.5094942443532954
0.5094937238034671
0.5094932028855454
0.509492681598581
0.5094921599416217
0.5094916379137129
0.5094911155138973
0.5094905927412157
0.509490069594706
0.5094895460734036
0.5094890221763413
0.5094884979025498
0.5094879732510568
0.5094874482208873
0.5094869228110643
0.5094863970206076
0.509485870848535
0.5094853442938612
0.5094848173555985
0.5094842900327563
0.5094837623243416
0.5094832342293589
0.5094827057468095
0.5094821768756921
0.5094816476150034
0.5094811179637362
0.5094805879208812
0.5094800574854268
0.5094795266563579
0.5094789954326567
0.5094784638133028
0.5094779317972731
0.5094773993835413
0.5094768665710786
0.509476333358853
0.5094757997458302
0.5094752657309722
0.5094747313132392
0.509474196491587
0.5094736612649698
0.5094731256323384
0.5094725895926402
0.5094720531448206
0.5094715162878206
0.5094709790205799
0.5094704413420339
0.509469903251115
0.5094693647467536
0.509468825827876
0.5094682864934058
0.5094677467422635
0.5094672065733663
0.5094666659856287
0.5094661249779615
0.509465583549273
0.5094650416984676
0.5094644994244468
0.5094639567261092
0.5094634136023501
0.5094628700520611
0.5094623260741309
0.5094617816674448
0.5094612368308851
0.5094606915633303
0.5094601458636561
0.5094595997307344
0.5094590531634342
0.5094585061606207
0.5094579587211563
0.5094574108438992
0.5094568625277045
0.5094563137714243
0.509455764573907
0.509455214933997
0.509454664850536
0.5094541143223619
0.5094535633483086
0.509453011927207
0.5094524600578848
0.5094519077391653
0.5094513549698685
0.509450801748811
0.5094502480748055
0.5094496939466613
0.509449139363184
0.5094485843231753
0.5094480288254334
0.5094474728687526
0.509446916451924
0.5094463595737341
0.5094458022329663
0.5094452444284001
0.5094446861588107
0.5094441274229702
0.5094435682196461
0.509443008547603
0.5094424484056008
0.5094418877923957
0.5094413267067401
0.5094407651473827
0.5094402031130675
0.5094396406025351
0.5094390776145219
0.5094385141477606
0.5094379502009797
0.5094373857729031
0.5094368208622515
0.5094362554677407
0.5094356895880835
0.5094351232219873
0.5094345563681557
0.509433989025289
0.509433421192082
0.5094328528672264
0.5094322840494087
0.5094317147373122
0.5094311449296148
0.5094305746249909
0.5094300038221105
0.5094294325196387
0.5094288607162369
0.509428288410562
0.509427715601266
0.5094271422869971
0.5094265684663984
0.5094259941381096
0.5094254193007646
0.5094248439529938
0.5094242680934226
0.5094236917206719
0.509423114833358
0.5094225374300929
0.5094219595094834
0.5094213810701325
0.5094208021106377
0.5094202226295923
0.5094196426255847
0.5094190620971986
0.5094184810430132
0.5094178994616025
0.509417317351536
0.509416734711378
0.5094161515396886
0.5094155678350226
0.5094149835959296
0.5094143988209553
0.5094138135086392
0.5094132276575168
0.5094126412661183
0.5094120543329689
0.5094114668565883
0.5094108788354921
0.50941029026819
0.5094097011531866
0.5094091114889823
0.5094085212740713
0.5094079305069429
0.5094073391860815
0.509406747309966
0.5094061548770701
0.5094055618858626
0.5094049683348059
0.509404374222358
0.5094037795469718
0.5094031843070939
0.5094025885011662
0.5094019921276245
0.5094013951848999
0.5094007976714177
0.5094001995855972
0.5093996009258532
0.5093990016905938
0.5093984018782222
0.5093978014871359
0.5093972005157267
0.5093965989623804
0.5093959968254776
0.5093953941033931
0.5093947907944953
0.5093941868971477
0.5093935824097076
0.5093929773305265
0.5093923716579496
0.5093917653903168
0.5093911585259621
0.5093905510632128
0.5093899430003914
0.5093893343358132
0.5093887250677881
0.5093881151946198
0.5093875047146059
0.509386893626038
0.5093862819272013
0.5093856696163749
0.5093850566918318
0.5093844431518384
0.5093838289946556
0.509383214218537
0.5093825988217308
0.5093819828024779
0.5093813661590135
0.5093807488895663
0.5093801309923581
0.5093795124656046
0.509378893307515
0.5093782735162916
0.5093776530901305
0.509377032027221
0.5093764103257458
0.5093757879838807
0.509375164999795
0.5093745413716514
0.5093739170976055
0.5093732921758063
0.5093726666043958
0.5093720403815094
0.5093714135052753
0.5093707859738146
0.5093701577852421
0.5093695289376649
0.5093688994291832
0.5093682692578906
0.5093676384218728
0.5093670069192093
0.5093663747479715
0.5093657419062241
0.5093651083920243
0.5093644742034223
0.509363839338461
0.5093632037951752
0.5093625675715932
0.5093619306657355
0.5093612930756152
0.5093606547992378
0.5093600158346014
0.5093593761796964
0.5093587358325056
0.5093580947910044
0.5093574530531598
0.509356810616932
0.5093561674802729
0.5093555236411268
0.50935487909743
0.5093542338471111
0.5093535878880904
0.5093529412182809
0.5093522938355871
0.5093516457379056
0.5093509969231249
0.5093503473891257
0.5093496971337799
0.5093490461549519
0.5093483944504977
0.5093477420182646
0.509347088856092
0.509346434961811
0.5093457803332441
0.5093451249682055
0.5093444688645006
0.5093438120199267
0.5093431544322728
0.5093424960993186
0.5093418370188353
0.5093411771885857
0.509340516606324
0.5093398552697951
0.5093391931767355
0.5093385303248731
0.509337866711926
0.5093372023356041
0.5093365371936083
0.5093358712836302
0.5093352046033521
0.5093345371504483
0.5093338689225825
0.50933319991741
0.5093325301325768
0.5093318595657195
0.5093311882144653
0.5093305160764321
0.5093298431492284
0.509329169430453
0.5093284949176956
0.5093278196085358
0.5093271435005438
0.5093264665912806
0.5093257888782966
0.509325110359133
0.5093244310313212
0.5093237508923826
0.5093230699398286
0.5093223881711606
0.5093217055838706
0.5093210221754396
0.5093203379433393
0.5093196528850308
0.509318966997965
0.5093182802795827
0.5093175927273144
0.5093169043385801
0.5093162151107894
0.5093155250413417
0.5093148341276253
0.5093141423670188
0.5093134497568894
0.5093127562945938
0.5093120619774784
0.5093113668028781
0.5093106707681179
0.5093099738705107
0.5093092761073597
0.5093085774759563
0.5093078779735811
0.5093071775975035
0.509306476344982
0.5093057742132636
0.509305071199584
0.5093043673011679
0.5093036625152281
0.5093029568389665
0.5093022502695733
0.5093015428042269
0.5093008344400942
0.5093001251743305
0.5092994150040796
0.5092987039264731
0.5092979919386309
0.5092972790376609
0.5092965652206591
0.5092958504847096
0.5092951348268845
0.5092944182442429
0.509293700733833
0.5092929822926895
0.5092922629178354
0.5092915426062814
0.5092908213550253
0.5092900991610528
0.5092893760213366
0.509288651932837
0.5092879268925015
0.509287200897265
0.509286473944049
0.5092857460297628
0.5092850171513024
0.5092842873055504
0.5092835564893772
0.5092828246996388
0.5092820919331791
0.5092813581868281
0.5092806234574021
0.509279887741705
0.509279151036526
0.5092784133386414
0.509277674644814
0.5092769349517922
0.5092761942563111
0.509275452555092
0.5092747098448416
0.5092739661222534
0.5092732213840065
0.5092724756267659
0.5092717288471819
0.5092709810418913
0.509270232207516
0.5092694823406634
0.509268731437927
0.5092679794958848
0.5092672265111009
0.5092664724801242
0.509265717399489
0.5092649612657147
0.5092642040753056
0.509263445824751
0.5092626865105251
0.509261926129087
0.5092611646768803
0.5092604021503332
0.5092596385458587
0.5092588738598542
0.5092581080887014
0.5092573412287665
0.5092565732763996
0.5092558042279354
0.5092550340796922
0.5092542628279726
0.5092534904690631
0.5092527169992338
0.5092519424147388
0.5092511667118158
0.5092503898866858
0.5092496119355535
0.5092488328546072
0.509248052640018
0.5092472712879407
0.5092464887945128
0.5092457051558554
0.509244920368072
0.5092441344272494
0.5092433473294568
0.5092425590707462
0.5092417696471526
0.5092409790546928
0.5092401872893666
0.5092393943471558
0.5092386002240246
0.5092378049159193
0.5092370084187683
0.5092362107284817
0.5092354118409516
0.5092346117520518
0.509233810457638
0.5092330079535473
0.5092322042355983
0.5092313992995905
0.5092305931413056
0.5092297857565057
0.5092289771409343
0.5092281672903157
0.5092273562003553
0.509226543866739
0.5092257302851338
0.5092249154511868
0.5092240993605255
0.5092232820087581
0.5092224633914733
0.5092216435042392
0.5092208223426041
0.509219999902097
0.509219176178226
0.5092183511664791
0.5092175248623237
0.5092166972612072
0.5092158683585558
0.5092150381497755
0.5092142066302516
0.5092133737953475
0.5092125396404065
0.5092117041607502
0.5092108673516795
0.5092100292084731
0.5092091897263891
0.5092083489006629
0.5092075067265094
0.5092066631991203
0.509205818313667
0.5092049720652969
0.5092041244491364
0.5092032754602895
0.5092024250938376
0.5092015733448391
0.5092007202083302
0.5091998656793244
0.5091990097528118
0.5091981524237594
0.5091972936871118
0.5091964335377892
0.5091955719706892
0.5091947089806854
0.5091938445626278
0.5091929787113425
0.509192111421632
0.5091912426882742
0.5091903725060231
0.5091895008696081
0.5091886277737345
0.5091877532130825
0.509186877182308
0.5091859996760417
0.5091851206888895
0.5091842402154318
0.5091833582502241
0.5091824747877962
0.5091815898226524
0.509180703349271
0.5091798153621053
0.5091789258555817
0.5091780348241005
0.5091771422620364
0.5091762481637369
0.5091753525235234
0.5091744553356903
0.5091735565945055
0.5091726562942094
0.5091717544290154
0.5091708509931098
0.5091699459806511
0.5091690393857703
0.5091681312025709
0.5091672214251278
0.5091663100474885
0.5091653970636718
0.5091644824676683
0.5091635662534401
0.5091626484149202
0.5091617289460131
0.5091608078405943
0.5091598850925098
0.5091589606955763
0.5091580346435812
0.509157106930282
0.5091561775494063
0.5091552464946517
0.509154313759686
0.5091533793381458
0.5091524432236381
0.5091515054097382
0.5091505658899914
0.5091496246579115
0.5091486817069814
0.5091477370306519
0.5091467906223429
0.5091458424754425
0.5091448925833062
0.5091439409392582
0.50914298753659
0.5091420323685606
0.5091410754283962
0.5091401167092906
0.5091391562044041
0.509138193906864
0.5091372298097643
0.5091362639061647
0.5091352961890925
0.5091343266515391
0.5091333552864635
0.5091323820867895
0.509131407045406
0.5091304301551679
0.5091294514088947
0.5091284707993704
0.5091274883193444
0.50912650396153
0.5091255177186049
0.5091245295832106
0.5091235395479529
0.5091225476054005
0.5091215537480862
0.5091205579685055
0.509119560259117
0.5091185606123421
0.5091175590205648
0.5091165554761313
0.50911554997135
0.5091145424984911
0.5091135330497867
0.5091125216174299
0.5091115081935753
0.5091104927703388
0.5091094753397967
0.5091084558939859
0.5091074344249034
0.5091064109245068
0.5091053853847134
0.5091043577973997
0.5091033281544022
0.509102296447516
0.5091012626684955
0.5091002268090539
0.509099188860862
0.5090981488155499
0.509097106664705
0.5090960623998725
0.5090950160125549
0.5090939674942122
0.5090929168362613
0.5090918640300757
0.5090908090669852
0.5090897519382762
0.5090886926351907
0.5090876311489263
0.5090865674706366
0.5090855015914295
0.5090844335023683
0.5090833631944709
0.5090822906587094
0.5090812158860101
0.5090801388672531
0.5090790595932719
0.5090779780548534
0.5090768942427377
0.5090758081476168
0.5090747197601359
0.509073629070892
0.5090725360704345
0.5090714407492632
0.5090703430978306
0.5090692431065389
0.5090681407657419
0.5090670360657434
0.5090659289967974
0.5090648195491075
0.5090637077128272
0.509062593478059
0.5090614768348541
0.5090603577732127
0.509059236283083
0.5090581123543613
0.5090569859768912
0.5090558571404642
0.5090547258348187
0.5090535920496394
0.5090524557745578
0.5090513169991513
0.5090501757129431
0.5090490319054017
0.5090478855659408
0.509046736683919
0.5090455852486386
0.5090444312493472
0.5090432746752349
0.5090421155154358
0.5090409537590269
0.5090397893950281
0.5090386224124017
0.5090374528000516
0.5090362805468235
0.5090351056415047
0.5090339280728229
0.5090327478294467
0.5090315648999852
0.5090303792729869
0.5090291909369397
0.509027999880271
0.5090268060913468
0.509025609558471
0.5090244102698861
0.509023208213772
0.5090220033782458
0.5090207957513613
0.5090195853211086
0.5090183720754146
0.5090171560021408
0.5090159370890844
0.509014715323978
0.5090134906944876
0.5090122631882142
0.5090110327926918
0.5090097994953879
0.5090085632837025
0.5090073241449684
0.5090060820664503
0.5090048370353439
0.5090035890387768
0.5090023380638067
0.509001084097422
0.5089998271265403
0.5089985671380092
0.5089973041186049
0.5089960380550321
0.508994768933924
0.5089934967418405
0.5089922214652695
0.508990943090625
0.5089896616042475
0.5089883769924034
0.508987089241284
0.5089857983370053
0.5089845042656085
0.5089832070130578
0.5089819065652412
0.5089806029079692
0.5089792960269756
0.5089779859079148
0.5089766725363637
0.5089753558978198
0.5089740359777011
0.508972712761345
0.5089713862340091
0.5089700563808693
0.5089687231870204
0.5089673866374744
0.5089660467171613
0.5089647034109273
0.5089633567035353
0.5089620065796641
0.5089606530239069
0.5089592960207726
0.5089579355546835
0.5089565716099756
0.5089552041708982
0.5089538332216128
0.5089524587461924
0.5089510807286222
0.5089496991527973
0.5089483140025238
0.5089469252615166
0.5089455329134001
0.5089441369417067
0.5089427373298773
0.5089413340612594
0.5089399271191073
0.5089385164865815
0.5089371021467478
0.5089356840825766
0.5089342622769429
0.5089328367126252
0.5089314073723044
0.5089299742385641
0.5089285372938898
0.5089270965206676
0.508925651901184
0.5089242034176255
0.5089227510520775
0.5089212947865236
0.5089198346028457
0.5089183704828223
0.5089169024081279
0.508915430360334
0.508913954320906
0.5089124742712039
0.5089109901924815
0.5089095020658853
0.5089080098724543
0.508906513593119
0.5089050132087003
0.5089035086999099
0.5089020000473481
0.5089004872315042
0.5088989702327552
0.5088974490313657
0.5088959236074859
0.5088943939411525
0.5088928600122864
0.5088913218006929
0.5088897792860605
0.5088882324479604
0.5088866812658455
0.5088851257190495
0.5088835657867867
0.5088820014481503
0.5088804326821125
0.5088788594675229
0.5088772817831082
0.5088756996074713
0.5088741129190899
0.5088725216963169
0.5088709259173783
0.508869325560373
0.5088677206032716
0.5088661110239159
0.5088644968000176
0.5088628779091581
0.5088612543287868
0.5088596260362207
0.5088579930086435
0.5088563552231045
0.5088547126565176
0.508853065285661
0.5088514130871753
0.5088497560375634
0.5088480941131894
0.5088464272902771
0.5088447555449096
0.5088430788530285
0.5088413971904322
0.5088397105327755
0.5088380188555687
0.5088363221341761
0.508834620343815
0.5088329134595555
0.5088312014563188
0.508829484308876
0.5088277619918476
0.5088260344797026
0.5088243017467566
0.5088225637671712
0.5088208205149534
0.5088190719639539
0.5088173180878661
0.5088155588602254
0.508813794254408
0.5088120242436287
0.5088102488009419
0.5088084678992386
0.5088066815112462
0.5088048896095269
0.508803092166477
0.5088012891543258
0.5087994805451336
0.5087976663107912
0.5087958464230187
0.5087940208533642
0.5087921895732026
0.5087903525537344
0.5087885097659843
0.5087866611808001
0.5087848067688518
0.5087829465006296
0.5087810803464433
0.5087792082764206
0.5087773302605063
0.5087754462684606
0.5087735562698573
0.5087716602340842
0.5087697581303396
0.5087678499276328
0.5087659355947816
0.5087640151004111
0.5087620884129532
0.508760155500644
0.5087582163315234
0.5087562708734328
0.5087543190940147
0.5087523609607105
0.5087503964407591
0.508748425501196
0.5087464481088516
0.5087444642303491
0.5087424738321045
0.508740476880323
0.5087384733409994
0.5087364631799157
0.5087344463626398
0.5087324228545238
0.5087303926207023
0.5087283556260915
0.5087263118353869
0.5087242612130618
0.5087222037233663
0.5087201393303248
0.5087180679977354
0.5087159896891671
0.508713904367959
0.5087118119972185
0.508709712539819
0.5087076059583993
0.5087054922153604
0.5087033712728657
0.5087012430928373
0.5086991076369553
0.5086969648666562
0.5086948147431305
0.5086926572273214
0.5086904922799222
0.508688319861376
0.5086861399318718
0.5086839524513446
0.5086817573794721
0.5086795546756737
0.5086773442991079
0.5086751262086714
0.5086729003629955
0.5086706667204463
0.5086684252391205
0.5086661758768453
0.5086639185911749
0.50866165333939
0.508659380078494
0.5086570987652129
0.5086548093559913
0.5086525118069917
0.5086502060740917
0.5086478921128824
0.5086455698786656
0.5086432393264525
0.5086409004109603
0.5086385530866114
0.5086361973075303
0.5086338330275413
0.5086314602001669
0.5086290787786253
0.5086266887158274
0.5086242899643758
0.508621882476561
0.5086194662043604
0.5086170410994352
0.5086146071131281
0.5086121641964605
0.5086097123001316
0.5086072513745138
0.5086047813696519
0.5086023022352598
0.5085998139207182
0.5085973163750726
0.5085948095470292
0.5085922933849543
0.5085897678368703
0.5085872328504534
0.5085846883730318
0.5085821343515816
0.5085795707327252
0.5085769974627281
0.5085744144874966
0.5085718217525742
0.50856921920314
0.5085666067840049
0.5085639844396092
0.5085613521140196
0.5085587097509268
0.508556057293642
0.5085533946850939
0.5085507218678263
0.5085480387839953
0.5085453453753653
0.5085426415833065
0.5085399273487919
0.5085372026123949
0.5085344673142846
0.508531721394224
0.5085289647915665
0.5085261974452522
0.5085234192938057
0.5085206302753316
0.5085178303275122
0.5085150193876039
0.508512197392434
0.5085093642783968
0.5085065199814509
0.5085036644371154
0.5085007975804664
0.508497919346134
0.508495029668298
0.5084921284806851
0.5084892157165651
0.508486291308747
0.508483355189576
0.5084804072909287
0.508477447544211
0.5084744758803528
0.5084714922298055
0.5084684965225374
0.5084654886880301
0.5084624686552746
0.5084594363527676
0.5084563917085074
0.50845333464999
0.508450265104205
0.5084471829976315
0.508444088256234
0.5084409808054591
0.5084378605702302
0.5084347274749437
0.5084315814434652
0.5084284223991249
0.5084252502647129
0.5084220649624757
0.5084188664141114
0.508415654540765
0.5084124292630248
0.5084091905009166
0.5084059381739006
0.5084026722008659
0.508399392500126
0.5083960989894143
0.5083927915858796
0.508389470206081
0.5083861347659834
0.5083827851809523
0.5083794213657492
0.5083760432345269
0.5083726507008236
0.5083692436775596
0.5083658220770306
0.5083623858109032
0.50835893479021
0.5083554689253441
0.5083519881260542
0.5083484923014387
0.5083449813599412
0.5083414552093445
0.508337913756765
0.5083343569086481
0.5083307845707621
0.5083271966481923
0.5083235930453363
0.5083199736658972
0.5083163384128786
0.5083126871885788
0.5083090198945848
0.5083053364317665
0.5083016367002702
0.5082979205995134
0.5082941880281787
0.5082904388842069
0.5082866730647917
0.5082828904663726
0.50827909098463
0.508275274514477
0.5082714409500548
0.5082675901847249
0.5082637221110632
0.5082598366208537
0.5082559336050813
0.508252012953925
0.5082480745567516
0.508244118302109
0.5082401440777188
0.5082361517704694
0.5082321412664094
0.5082281124507402
0.5082240652078086
0.5082199994211005
0.5082159149732327
0.5082118117459457
0.5082076896200964
0.5082035484756512
0.5081993881916774
0.5081952086463363
0.5081910097168749
0.5081867912796187
0.5081825532099641
0.508178295382369
0.5081740176703469
0.5081697199464568
0.5081654020822968
0.5081610639484943
0.508156705414699
0.5081523263495741
0.5081479266207871
0.5081435060950024
0.5081390646378722
0.5081346021140272
0.5081301183870691
0.5081256133195605
0.5081210867730166
0.5081165386078963
0.5081119686835923
0.5081073768584226
0.5081027629896212
0.5080981269333283
0.508093468544581
0.508088787677304
0.5080840841842991
0.5080793579172369
0.5080746087266454
0.5080698364619012
0.5080650409712189
0.508060222101641
0.508055379699028
0.5080505136080478
0.5080456236721651
0.5080407097336316
0.5080357716334746
0.5080308092114864
0.5080258223062138
0.5080208107549473
0.5080157743937095
0.5080107130572442
0.508005626579005
0.5080005147911446
0.5079953775245025
0.5079902146085937
0.5079850258715974
0.5079798111403445
0.5079745702403063
0.5079693029955823
0.5079640092288874
0.5079586887615405
0.5079533414134519
0.5079479670031108
0.5079425653475723
0.5079371362624445
0.507931679561877
0.5079261950585459
0.5079206825636423
0.5079151418868582
0.5079095728363732
0.5079039752188415
0.5078983488393773
0.5078926935015423
0.5078870090073301
0.5078812951571541
0.5078755517498315
0.5078697785825701
0.5078639754509535
0.5078581421489267
0.5078522784687802
0.5078463842011375
0.507840459134937
0.5078345030574194
0.5078285157541111
0.5078224970088091
0.5078164466035644
0.5078103643186677
0.5078042499326326
0.5077981032221793
0.5077919239622188
0.5077857119258365
0.5077794668842748
0.5077731886069174
0.5077668768612716
0.507760531412952
0.5077541520256617
0.5077477384611768
0.5077412904793276
0.5077348078379809
0.5077282902930224
0.507721737598338
0.5077151495057968
0.5077085257652306
0.5077018661244168
0.5076951703290589
0.5076884381227676
0.5076816692470415
0.5076748634412473
0.5076680204426013
0.5076611399861478
0.507654221804741
0.507647265629023
0.5076402711874048
0.5076332382060451
0.5076261664088291
0.5076190555173477
0.5076119052508767
0.5076047153263551
0.5075974854583628
0.5075902153590993
0.5075829047383619
0.5075755533035222
0.507568160759505
0.5075607268087642
0.5075532511512605
0.5075457334844384
0.5075381735032017
0.5075305708998907
0.5075229253642581
0.5075152365834443
0.5075075042419537
0.5074997280216291
0.5074919076016278
0.5074840426583953
0.5074761328656413
0.5074681778943125
0.5074601774125677
0.5074521310857506
0.5074440385763648
0.5074358995440456
0.5074277136455334
0.5074194805346475
0.5074111998622566
0.5074028712762526
0.5073944944215216
0.507386068939916
0.5073775944702252
0.5073690706481475
0.5073604971062601
0.5073518734739897
0.5073431993775828
0.5073344744400754
0.5073256982812627
0.5073168705176682
0.5073079907625123
0.5072990586256818
0.5072900737136967
0.5072810356296802
0.5072719439733243
0.5072627983408586
0.5072535983250159
0.5072443435150007
0.5072350334964535
0.5072256678514184
0.5072162461583077
0.5072067679918675
0.5071972329231427
0.5071876405194418
0.5071779903443003
0.5071682819574457
0.5071585149147599
0.5071486887682428
0.5071388030659757
0.507128857352082
0.5071188511666913
0.5071087840458991
0.5070986555217291
0.5070884651220938
0.5070782123707549
0.5070678967872831
0.5070575178870186
0.5070470751810288
0.5070365681760685
0.5070259963745375
0.5070153592744394
0.5070046563693378
0.5069938871483148
0.5069830510959272
0.506972147692162
0.5069611764123934
0.5069501367273372
0.5069390281030071
0.5069278500006669
0.5069166018767867
0.5069052831829954
0.5068938933660335
0.506882431867707
0.5068708981248378
0.5068592915692164
0.5068476116275533
0.5068358577214287
0.5068240292672435
0.5068121256761684
0.5068001463540935
0.5067880907015769
0.5067759581137926
0.5067637479804782
0.5067514596858821
0.5067390926087102
0.5067266461220715
0.5067141195934238
0.5067015123845193
0.5066888238513478
0.5066760533440816
0.5066632002070177
0.506650263778522
0.5066372433909702
0.5066241383706898
0.5066109480379014
0.5065976717066583
0.5065843086847877
0.5065708582738283
0.50655731976897
0.5065436924589918
0.5065299756261985
0.5065161685463587
0.5065022704886399
0.5064882807155444
0.5064741984828444
0.5064600230395154
0.5064457536276716
0.506431389482497
0.5064169298321782
0.5064023738978372
0.5063877208934602
0.5063729700258304
0.5063581204944555
0.5063431714914977
0.5063281222017015
0.506312971802322
0.5062977194630507
0.5062823643459423
0.5062669056053397
0.5062513423877991
0.5062356738320136
0.5062198990687367
0.5062040172207043
0.5061880274025575
0.5061719287207623
0.5061557202735303
0.5061394011507386
0.5061229704338486
0.5061064271958223
0.5060897705010414
0.5060729994052232
0.5060561129553349
0.5060391101895103
0.506021990136962
0.5060047518178954
0.5059873942434212
0.5059699164154668
0.5059523173266861
0.5059345959603704
0.5059167512903568
0.5058987822809371
0.5058806878867641
0.5058624670527582
0.5058441187140137
0.505825641795703
0.5058070352129802
0.5057882978708845
0.5057694286642419
0.5057504264775665
0.5057312901849607
0.5057120186500145
0.5056926107257042
0.5056730652542897
0.5056533810672106
0.5056335569849828
0.5056135918170928
0.5055934843618914
0.5055732334064864
0.505552837726635
0.5055322960866342
0.5055116072392114
0.5054907699254124
0.5054697828744906
0.5054486448037936
0.5054273544186481
0.5054059104122478
0.5053843114655348
0.5053625562470833
0.5053406434129833
0.5053185716067201
0.5052963394590543
0.5052739455879021
0.5052513885982123
0.5052286670818441
0.5052057796174427
0.5051827247703145
0.5051595010923002
0.5051361071216498
0.5051125413828923
0.5050888023867077
0.5050648886297966
0.5050407985947492
0.505016530749912
0.5049920835492565
0.5049674554322424
0.504942644823684
0.5049176501336127
0.5048924697571398
0.504867102074318
0.5048415454500017
0.5048157982337057
0.5047898587594644
0.5047637253456878
0.5047373962950183
0.5047108698941862
0.5046841444138619
0.5046572181085106
0.5046300892162434
0.5046027559586674
0.5045752165407369
0.5045474691506004
0.5045195119594496
0.5044913431213647
0.504462960773161
0.5044343630342325
0.5044055480063955
0.504376513773731
0.5043472584024267
0.5043177799406158
0.504288076418217
0.5042581458467738
0.5042279862192895
0.5041975955100656
0.5041669716745352
0.5041361126490984
0.5041050163509553
0.5040736806779376
0.5040421035083404
0.504010282700753
0.5039782160938868
0.5039459015064052
0.5039133367367502
0.503880519562969
0.5038474477425401
0.5038141190121975
0.5037805310877551
0.5037466816639292
0.5037125684141606
0.503678188990436
0.5036435410231095
0.5036086221207201
0.5035734298698121
0.5035379618347532
0.5035022155575504
0.5034661885576687
0.5034298783318447
0.503393282353904
0.5033563980745732
0.503319222921296
0.5032817542980448
0.503243989585134
0.5032059261390318
0.5031675612921714
0.5031288923527621
0.5030899166045999
0.5030506313068767
0.5030110336939899
0.5029711209753522
0.5029308903351992
0.502890338932398
0.5028494639002552
0.5028082623463246
0.5027667313522143
0.5027248679733938
0.5026826692390012
0.5026401321516499
0.5025972536872355
0.5025540307947416
0.5025104603960473
0.5024665393857336
0.5024222646308896
0.5023776329709196
0.5023326412173502
0.5022872861536369
0.5022415645349718
0.5021954730880905
0.502149008511082
0.5021021674731947
0.5020549466146464
0.502007342546434
0.5019593518501424
0.5019109710777558
0.5018621967514687
0.5018130253634974
0.5017634533758932
0.5017134772203564
0.5016630932980496
0.5016122979794146
0.5015610876039884
0.5015094584802202
0.5014574068852921
0.5014049290649376
0.5013520212332645
0.5012986795725773
0.5012449002332018
0.5011906793333113
0.5011360129587543
0.5010808971628846
0.5010253279663921
0.5009693013571366
0.5009128132899827
0.5008558596866378
0.5007984364354917
0.500740539391458
0.5006821643758192
0.5006233071760734
0.500563963545783
0.5005041292044281
0.500443799837261
0.5003829710951626
0.5003216385945054
0.5002597979170165
0.5001974446096438
0.5001345741844283
0.5000711821183772
0.5000072638533405
0.4999428147958933
0.4998778303172213
0.49981230575300817
0.4997462364033291
0.499679617532549
0.4996124443692222
0.4995447121059997
0.4994764158995389
0.4994075508704188
0.4993381121030601
0.4992680946456504
0.4991974935100736
0.4991263036718458
0.4990545200700552
0.4989821376073093
0.49890915114968637
0.49883555552669256
0.4987613455312264
0.4986865159195486
0.49861106141125766
0.4985349766892725
0.49845825639982194
0.4983808951524406
0.4983028875199715
0.4982242280385756
0.4981449112077496
0.49806493149034997
0.4979842833126257
0.4979029610642565
0.4978209590984027
0.49773827173175944
0.4976548932446214
0.4975708178809546
0.4974860398484782
0.49740055331875405
0.497314352427285
0.497227431273623
0.4971397839214864
0.497051404398886
0.49696228669826203
0.49687242477662935
0.49678181255573417
0.49669044392221995
0.496598312727804
0.4965054127894648
0.49641173788963927
0.4963172817764323
0.4962220381638362
0.49612600073196167
0.4960291631272807
0.49593151896288057
0.49583306181872955
0.4957337852419551
0.4956336827471344
0.49553274781659573
0.49543097390073476
0.4953283544183413
0.4952248827569399
0.49512055227314383
0.4950153562930217
0.4949092881124769
0.494802340997643
0.49469450818528893
0.4945857828832422
0.49447615827082303
0.49436562749929436
0.49425418369232565
0.4941418199464708
0.4940285293316621
0.49391430489171717
0.4937991396448622
0.4936830265842696
0.4935659586786111
0.4934479288726262
0.49332893008770623
0.49320895522249375
0.49308799715349744
0.49296604873572436
0.4928431028033252
0.49271915217025947
0.49259418963097285
0.4924682079610941
0.49234119991814596
0.4922131582422747
0.4920840756569936
0.4919539448699448
0.491822758573678
0.49169050944644416
0.4915571901530073
0.49142279334547356
0.49128731166413486
0.49115073773833184
0.4910130641873325
0.49087428362122765
0.4907343886418437
0.4905933718436721
0.4904512258148155
0.49030794313795073
0.4901635163913096
0.4900179381496749
0.48987120098539383
0.48972329746940857
0.48957422017230273
0.48942396166536456
0.48927251452166676
0.4891198713171618
0.4889660246317947
0.4888109670506311
0.48865469116500077
0.4884971895736584
0.4883384548839582
0.48817847971304545
0.48801725668906226
0.4878547784523692
0.48769103765678146
0.48752602697081915
0.4873597390789725
0.4871921666829817
0.4870233025031299
0.4868531392795491
0.4866816697735419
0.4865088867689129
0.48633478307331635
0.48615935151961276
0.4859825849672401
0.48580447630359563
0.4856250184454292
0.4854442043402475
0.4852620269677285
0.4850784793411467
0.48489355450880756
0.4847072455554916
0.48451954560390664
0.4843304478161491
0.48413994539517247
0.48394803158626437
0.4837546996785283
0.4835599430063742
0.48336375495101325
0.483166128941958
0.4829670584585275
0.48276653703135697
0.4825645582439101
0.48236111573399476
0.48215620319528063
0.481949814378819
0.48174194309456325
0.4815325832128895
0.4813217286661178
0.4811093734500307
0.4808955116253923
0.4806801373194629
0.4804632447275115
0.480244828114325
0.48002488181571146
0.47980340023999946
0.4795803778695302
0.47935580926214405
0.4791296890526577
0.4789020119543354
0.47867277276034864
0.4784419663452273
0.47820958766630006
0.4779756317651219
0.4777400937688912
0.47750296889185173
0.47726425243668197
0.4770239397958692
0.47678202645306716
0.4765385079844384
0.47629338005997857
0.47604663844482187
0.4757982790005292
0.47554829768635504
0.4752966905604929
0.4750434537813022
0.4747885836085084
0.47453207640438394
0.4742739286349026
0.47401413687086946
0.47375269778902557
0.47348960817312563
0.47322486491498816
0.47295846501551747
0.4726904055856973
0.47242068384755337
0.47214929713508624
0.4718762428951726
0.47160151868843375
0.4713251221900725
0.47104705119067464
0.4707673035969773
0.47048587743260173
0.47020277083874995
0.46991798207486557
0.46963150951925636
0.46934335166967994
0.46905350714389
0.46876197468014413
0.468468753137672
0.4681738414971012
0.4678772388608454
0.46757894445344816
0.4672789576218864
0.46697727783583043
0.466673904687861
0.46636883789364414
0.46606207729206023
0.4657536228452902
0.4654434746388559
0.4651316328816165
0.46481809790571876
0.4645028701665017
0.4641859502423551
0.4638673388345327
0.4635470367669174
0.46322504498574146
0.4629013645592582
0.46257599667736826
0.46224894265119776
0.46192020391262967
0.461589782013788
0.46125767862647465
0.4609238955415599
0.46058843466832383
0.4602512980337531
0.459912487781789
0.45957200617252963
0.45922985558138474
0.45888603849818566
0.45854055752624684
0.45819341538138375
0.4578446148908834
0.4574941589924315
0.45714205073299274
0.45678829326764836
0.456432889858389
0.45607584387286376
0.45571715878308705
0.4553568381641024
0.4549948856926042
0.45463130514551886
0.45426610039854476
0.45389927542465247
0.4535308342925456
0.4531607811650826
0.45278912029766133
0.4524158560365669
0.4520409928172819
0.4516645351627625
0.4512864876816799
0.4509068550666271
0.45052564209229384
0.45014285361360995
0.44975849456385686
0.44937256995275005
0.44898508486449235
0.44859604445579915
0.4482054539538984
0.4478133186545024
0.44741964391975675
0.44702443517616575
0.44662769791249485
0.4462294376776521
0.44582966007855
0.4454283707779477
0.4450255754922764
0.4446212799894476
0.4442154900866468
0.4438082116481121
0.4433994505829018
0.4429892128426486
0.4425775044193045
0.4421643313428773
0.4417496996791576
0.44133361552744155
0.4409160850182466
0.44049711431102423
0.4400767095918702
0.4396548770712333
0.43923162298162344
0.43880695357532246
0.438380875122096
0.4379533939069097
0.4375245162276515
0.43709424839285826
0.43666259671945173
0.4362295675304832
0.4357951671528865
0.4353594019152458
0.43492227814557205
0.4344838021690961
0.43404398030607594
0.4336028188696194
0.4331603241635255
0.4327165024801433
0.4322713600982513
0.43182490328095635
0.43137713827361646
0.4309280713017847
0.4304777085691778
0.43002605625567075
0.4295731205153167
0.42911890747439396
0.4286634232294813
0.4282066738455637
0.427748665354165
0.42728940375151625
0.426828894996751
0.42636714501013695
0.42590415967133993
0.4254399448177222
0.42497450624267596
0.4245078496939939
0.42403998087227496
0.42357090542936876
0.4231006289668578
0.42262915703457865
0.4221564951291817
0.42168264869273253
0.42120762311135235
0.42073142371390065
0.4202540557706994
0.4197755244922988
0.419295835028286
0.4188149924661373
0.4183330018301129
0.41784986808019675
0.41736559611107854
0.4168801907511825
0.4163936567617391
0.4159059988359024
0.41541722159791306
0.41492732960230566
0.4144363273331622
0.41394421920341173
0.4134510095541746
0.4129567026541533
0.4124613026990693
0.4119648138111453
0.41146724003863355
0.4109685853553904
0.4104688536604956
0.4099680487779188
0.4094661744562301
0.40896323436835724
0.4084592321113871
0.407954171206413
0.4074480550984259
0.40694088715625154
0.40643267067253064
0.40592340886374356
0.40541310487027893
0.4049017617565448
0.4043893825111243
0.4038759700469722
0.4033615272016543
0.4028460567376301
0.40232956134257364
0.4018120436297381
0.4012935061383592
0.40077395133409954
0.400253381609531
0.39973179928465735
0.3992092066074735
0.3986856057545648
0.3981609988317408
0.397635387874707
0.39710877484977286
0.396581161654594
0.39605255011894924
0.39552294200555227
0.3949923390108962
0.3944607427661301
0.39392815483796917
0.39339457672963385
0.3928600098818216
0.3923244556737071
0.3917879154239719
0.39125039039186305
0.39071188177827787
0.39017239072687737
0.38963191832522415
0.3890904656059472
0.38854803354792944
0.388004623077521
0.38746023506977406
0.3869148703497004
0.38636852969355123
0.3858212138301166
0.3852729234420444
0.384723659167181
0.3841734215999267
0.38362221129261165
0.3830700287568868
0.38251687446513183
0.3819627488518778
0.38140765231524437
0.38085158521839085
0.3802945478909793
0.3797365406306511
0.3791775637045138
0.37861761735063876
0.378056701779569
0.3774948171758357
0.37693196369948256
0.37636814148759934
0.37580335065586046
0.37523759130007
0.3746708634977136
0.37410316730951265
0.373534502780984
0.3729648699440032
0.37239426881836823
0.371822699413368
0.37125016172934855
0.37067665575928355
0.3701021814903417
0.3695267389054541
0.36895032798488137
0.36837294870777726
0.36779460105374984
0.36721528500442
0.36663500054497583
0.3660537476657215
0.3654715263636234
0.36488833664384757
0.3643041785212942
0.3637190520221224
0.36313295718527044
0.36254589406396587
0.3619578627272295
0.3613688632613689
0.36077889577146394
0.3601879603828415
0.35959605724254173
0.35900318652077173
0.35840934841234995
0.3578145431381378
0.357218770946461
0.35662203211451754
0.3560243269497727
0.35542565579134355
0.35482601901136707
0.35422541701635724
0.3536238502485466
0.3530213191872146
0.352417824350001
0.3518133662942046
0.3512079456180671
0.3506015629620416
0.34999421901004574
0.3493859144906981
0.3487766501785412
0.348166426895245
0.34755524551079725
0.3469431069446753
0.346330012167002
0.3457159621996848
0.3451009581175387
0.34448500104938995
0.34386809217916603
0.34325023274696537
0.34263142405011104
0.3420116674441879
0.3413909643440607
0.34076931622487583
0.34014672462304574
0.3395231911372144
0.3388987174292077
0.3382733052249642
0.33764695631544916
0.33701967255755105
0.33639145587496166
0.3357623082590364
0.3351322317696399
0.3345012285359724
0.3338693007573806
0.3332364507041493
0.3326026807182786
0.3319679932142413
0.3313323906797264
0.3306958756763633
0.3300584508404309
0.32942011888354983
0.3287808825933583
0.3281407448341722
0.32749970854762783
0.3268577767533102
0.32621495254936494
0.32557123911309466
0.3249266397015396
0.3242811576520435
0.323634796382804
0.3229875593934085
0.3223394502653547
0.32169047266255746
0.3210406303318401
0.3203899271034125
0.31973836689133545
0.3190859536939691
0.3184326915944109
0.3177785847609177
0.31712363744731503
0.31646785399339433
0.31581123882529677
0.31515379645588326
0.3144955314850941
0.3138364486002945
0.3131765525766083
0.31251584827724116
0.3118543406537896
0.31119203474654034
0.31052893568475765
0.3098650486869581
0.3092003790611771
0.30853493220522066
0.3078687136069102
0.3072017288443135
0.30653398358596684
0.30586548359108606
0.30519623470976764
0.30452624288317953
0.30385551414374123
0.3031840546152952
0.3025118705132668
0.3018389681448161
0.3011653539089783
0.3004910342967958
0.2998160158914397
0.29914030536832253
0.298463909495201
0.2977868351322692
0.2971090892322427
0.2964306788404327
0.2957516110948115
0.2950718932260676
0.29439153255765166
0.29371053650581386
0.2930289125796294
0.2923466683810172
0.2916638116047468
0.2909803500384371
0.2902962915625437
0.2896116441503374
0.2889264158678722
0.28824061487394415
0.2875542494200381
0.2868673278502654
0.2861798586012916
0.2854918502022512
0.28480331127465397
0.28411425053227835
0.2834246767810552
0.2827345989189384
0.28204402593576544
0.2813529669131051
0.28066143102409324
0.279969427533256
0.27927696579632166
0.27858405526001717
0.2778907054618548
0.27719692602990237
0.2765027266825417
0.27580811722821225
0.27511310756514107
0.2744177076810577
0.27372192765289466
0.2730257776464716
0.27232926791616635
0.2716324088045672
0.27093521074211124
0.2702376842467052
0.2695398399233295
0.26884168846362605
0.2681432406454665
0.2674445073325052
0.2667454994737117
0.2660462281028865
0.2653467043381561
0.2646469393814506
0.2639469445179603
0.26324673111557306
0.26254631062429107
0.2618456945756274
0.26114489458198087
0.26044392233599006
0.259742789609866
0.25904150825470196
0.2583400901997619
0.2576385474517453
0.25693689209403076
0.25623513628589434
0.2555332922617054
0.2548313723300995
0.2541293888731255
0.2534273543453693
0.25272528127305355
0.2520231822531114
0.25132106995223563
0.2506189571059035
0.24991685651737436
0.24921478105666317
0.24851274365948745
0.24781075732618849
0.24710883512062665
0.24640699016904985
0.2457052356589365
0.24500358483781146
0.24430205101203556
0.2436006475455693
0.24289938785870857
0.24219828542679506
0.24149735377889975
0.2407966064964796
0.24009605721200789
0.2393957196075778
0.23869560741348061
0.23799573440675645
0.23729611440971987
0.23659676128845833
0.23589768895130717
0.23519891134729584
0.2345004424645717
0.23380229632879676
0.23310448700152078
0.23240702857852918
0.23170993518816665
0.2310132209896379
0.23031690017128326
0.2296209869488329
0.22892549556363673
0.22823044028087328
0.2275358353877358
0.22684169519159803
0.22614803401815778
0.22545486620956162
0.22476220612250852
0.22407006812633545
0.22337846660108315
0.22268741593554497
0.2219969305252977
0.22130702477071573
0.22061771307496952
0.21992900984200797
0.21924092947452756
0.2185534863719254
0.2178666949282409
0.21718056953008505
0.2164951245545562
0.21581037436714712
0.21512633331964118
0.21444301574799873
0.21376043597023636
0.21307860828429742
0.21239754696591703
0.2117172662664804
0.21103778041087692
0.21035910359534946
0.20968124998534193
0.2090042337133436
0.20832806887673186
0.20765276953561645
0.20697834971068246
0.20630482338103567
0.20563220448205077
0.20496050690322237
0.20428974448602083
0.2036199310217535
0.20295108024943198
0.2022832058536472
0.20161632146245198
0.20095044064525355
0.20028557691071563
0.19962174370467198
0.1989589544080516
0.19829722233481722
0.19763656072991748
0.19697698276725367
0.19631850154766275
0.1956611300969164
0.19500488136373792
0.19434976821783714
0.19369580344796491
0.19304299975998743
0.19239136977498178
0.19174092602735293
0.19109168096297316
0.19044364693734586
0.1897968362137917
0.18915126096166165
0.1885069332545744
0.1878638650686802
0.18722206828095297
0.18658155466750886
0.18594233590195383
0.18530442355376067
0.18466782908667492
0.18403256385715278
0.1833986391128276
0.1827660659910105
0.18213485551722142
0.18150501860375273
0.1808765660482673
0.18024950853242885
0.179623856620567
0.1789996207583768
0.1783768112716528
0.17775543836505864
0.1771355121209326
0.17651704249812894
0.17590003933089499
0.17528451232778564
0.17467047107061445
0.17405792501344203
0.17344688348160064
0.17283735567075842
0.17222935064601924
0.17162287734106163
0.1710179445573153
0.17041456096317553
0.16981273509325626
0.16921247534768052
0.1686137899914102
0.16801668715361298
0.1674211748270681
0.16682726086761
0.16623495299361063
0.16564425878549843
0.1650551856853177
0.16446774099632264
0.1638819318826118
0.1632977653687985
0.16271524833971912
0.16213438754017823
0.16155518957473092
0.16097766090750135
0.16040180786203825
0.15982763662120608
0.15925515322711215
0.15868436358106947
0.15811527344359433
0.15754788843443912
0.1569822140326597
0.15641825557671607
0.15585601826460832
0.15529550715404408
0.15473672716264042
0.1541796830681572
0.15362437950876306
0.15307082098333302
0.1525190118517766
0.15196895633539756
0.15142065851728312
0.15087412234272266
0.15032935161965713
0.14978635001915502
0.1492451210759183
0.14870566818881484
0.14816799462143898
0.14763210350269743
0.14709799782742272
0.1465656804570109
0.14603515412008478
0.1455064214131816
0.1449794848014641
0.1444543466194558
0.14393100907179762
0.14340947423402767
0.1428897440533827
0.1423718203496196
0.1418557048158581
0.14134139901944315
0.1408289044028264
0.14031822228446675
0.1398093538597481
0.1393023002019162
0.13879706226303054
0.13829364087493468
0.13779203675024057
0.13729225048332916
0.13679428255136572
0.13629813331532858
0.13580380302105224
0.13531129180028306
0.1348205996717474
0.13433172654223152
0.13384467220767376
0.13335943635426606
0.1328760185595672
0.1323944182936249
0.13191463492010694
0.1314366676974426
0.13096051577997006
0.13048617821909317
0.1300136539644447
0.1295429418650565
0.12907404067053563
0.12860694903224662
0.1281416655044984
0.12767818854573662
0.12721651651973995
0.12675664769682013
0.12629858025502566
0.1258423122813486
0.12538784177293344
0.12493516663828849
0.12448428469849875
0.1240351936884402
0.12358789125799488
0.12314237497326636
0.12269864231779584
0.12225669069377712
0.12181651742327161
0.12137811974942198
0.12094149483766466
0.12050663977694052
0.12007355158090337
0.1196422271891262
0.119212663468305
0.11878485721345886
0.11835880514912747
0.11793450393056432
0.11751195014492681
0.11709114031246115
0.1166720708876836
0.11625473826055668
0.11583913875766008
0.1154252686433567
0.11501312412095319
0.11460270133385465
0.11419399636671276
0.11378700524656896
0.11338172394399008
0.11297814837419785
0.11257627439819176
0.11217609782386437
0.11177761440710991
0.11138081985292522
0.11098570981650321
0.11059227990431884
0.11020052567520672
0.10981044264143094
0.1094220262697472
0.10903527198245565
0.10865017515844602
0.10826673113423411
0.10788493520498928
0.10750478262555338
0.10712626861145066
0.10674938833988858
0.10637413695074993
0.10600050954757503
0.10562850119853542
0.1052581069373976
0.10488932176447757
0.10452214064758594
0.104156558522963
0.10379257029620488
0.1034301708431797
0.1030693550109333
0.10271011761858659
0.1023524534582218
0.10199635729575958
0.10164182387182571
0.10128884790260868
0.10093742408070626
0.10058754707596318
0.10023921153629797
0.09989241208852048
0.09954714333913875
0.09920339987515672
0.09886117626486116
0.098520467058599
0.09818126678954467
0.09784356997445731
0.09750737111442837
0.0971726646956188
0.09683944518998659
0.0965077070560045
0.09617744473936773
0.09584865267369179
0.09552132528120043
0.09519545697340456
0.0948710421517701
0.09454807520837726
0.0942265505265697
0.09390646248159407
0.09358780544123002
0.09327057376641094
0.09295476181183471
0.09264036392656534
0.09232737445462538
0.09201578773557874
0.09170559810510447
0.09139679989556107
0.09108938743654191
0.09078335505542161
0.09047869707789298
0.09017540782849569
0.08987348163113536
0.08957291280959438
0.08927369568803362
0.08897582459148551
0.08867929384633907
0.08838409778081525
0.08809023072543484
0.08779768701347766
0.0875064609814333
0.08721654696944364
0.08692793932173731
0.08664063238705604
0.08635462051907283
0.08606989807680268
0.08578645942500433
0.08550429893457578
0.08522341098294077
0.08494378995442825
0.08466543024064417
0.0843883262408359
0.08411247236224917
0.08383786302047742
0.08356449263980467
0.0832923556535403
0.08302144650434762
0.08275175964456458
0.08248328953651848
0.08221603065283335
0.08194997747673022
0.08168512450232168
0.08142146623489888
0.08115899719121274
0.08089771189974825
0.0806376049009927
0.08037867074769758
0.08012090400513407
0.07986429925134286
0.07960885107737745
0.07935455408754183
0.07910140289962236
0.07884939214511334
0.07859851646943733
0.07834877053216001
0.07810014900719857
0.07785264658302582
0.07760625796286783
0.07736097786489667
0.07711680102241852
0.07687372218405525
0.07663173611392173
0.07639083759179847
0.07615102141329834
0.07591228239002899
0.07567461534975048
0.07543801513652793
0.0752024766108794
0.07496799464991975
0.07473456414749928
0.07450218001433816
0.07427083717815686
0.07404053058380144
0.07381125519336543
0.07358300598630685
0.07335577795956166
0.07312956612765252
0.07290436552279439
0.07268017119499524
0.07245697821215384
0.07223478166015303
0.0720135766429497
0.07179335828266072
0.07157412171964576
0.07135586211258592
0.07113857463855962
0.07092225449311423
0.07070689689033535
0.07049249706291158
0.07027905026219695
0.07006655175827002
0.0698549968399893
0.06964438081504637
0.06943469901001521
0.0692259467703992
0.06901811946067472
0.0688112124643325
0.06860522118391504
0.06840014104105262
0.06819596747649587
0.06799269595014536
0.06779032194107959
0.0675888409475793
0.06738824848715033
0.06718854009654322
0.06698971133177048
0.0667917577681223
0.06659467500017877
0.06639845864182077
0.06620310432623805
0.06600860770593549
0.06581496445273718
0.06562217025778816
0.06543022083155421
0.0652391119038199
0.06504883922368439
0.0648593985595553
0.064670785699141
0.06448299644944053
0.06429602663673238
0.06410987210656095
0.06392452872372152
0.06373999237224352
0.063556258955372
0.0633733243955482
0.063191184634387
0.06300983563265469
0.06282927337024383
0.06264949384614749
0.062470493078431166
0.062292267104204546
0.06211481197959044
0.06193812377969416
0.06176219859856935
0.06158703254918457
0.06141262176338766
0.0612389623918688
0.061066050604122964
0.06089388258841073
0.06072245455171813
0.0605517627197155
0.06038180333671506
0.06021257266562759
0.060044066987918115
0.05987628260356055
0.05970921583099141
0.059542863007062484
0.05937722048699269
0.059212284644319324
0.05904805187084773
0.05888451857660086
0.05872168118976792
0.05855953615665151
0.05839807994161503
0.058237309027028776
0.058077219913215246
0.057917809118393934
0.057759073178625685
0.05760100864775587
0.05744361209735713
0.057286880116671865
0.05713080931255369
0.056975396309408455
0.05682063774913461
0.056666530291063465
0.05651307061189824
0.056360255405653356
0.05620808138359258
0.056056545274167195
0.0559056438229535
0.05575537379258995
0.05560573196271376
0.055456715129897236
0.05530832010758392
0.05516054372602387
0.055013382832209065
0.05486683428980809
0.054720894979101084
0.054575561796913474
0.05443083165655056
0.0542867014877306
0.05414316823651868
0.05400022886525984
0.05385788035251179
0.05371611969297794
0.05357494389743972
0.05343434999268912
0.05329433502146057
0.053154896042363016
0.05301603012981194
0.052877734373960664
0.05274000588063207
0.052602841771249985
0.05246623918277044
0.05233019526761277
0.052194707193590796
0.05205977214384381
0.051925387316767296
0.05179154992594395
0.05165825720007453
0.05152550638290842
0.051393294733174326
0.051261619524511116
0.05113047804539836
0.05099986759908666
0.050869785503529
0.05074022909131072
0.05061119570958045
0.05048268271998062
0.050354687498578396
0.05022720743579589
0.05010023993634168
0.04997378241914083
