0.5122076343442141
0.5115360574576848
0.511102912334836
0.5108768047303391
0.510739644880658
0.5106320602035502
0.5105591620130888
0.5105350209475437
0.5105494671794777
0.5105748917540093
0.5105874427059658
0.5105784505896065
0.5105519502831813
0.5105166172367015
0.5104798883183672
0.5104462104380997
0.5104175869391964
0.5103944169841134
0.510375975599862
0.5103607714569359
0.5103470273794404
0.5103332073499651
0.5103183708379768
0.5103022408931484
0.5102850427977984
0.5102672527892376
0.5102493747617863
0.5102317986105323
0.5102147422618462
0.5101982564306753
0.5101822670998428
0.5101666333359471
0.5101512023110695
0.5101358491672707
0.5101204965264471
0.5101051152911841
0.5100897128697981
0.5100743162602397
0.5100589561631119
0.510043655792365
0.5100284255201505
0.5100132626243024
0.5099981544093998
0.5099830827512191
0.5099680284403255
0.5099529743091809
0.5099379067786939
0.5099228159806005
0.5099076949148859
0.5098925381838534
0.5098773407616294
0.509862097088783
0.5098468005995097
0.5098314436437634
0.5098160176818154
0.5098005136038342
0.5097849220473376
0.5097692336300191
0.5097534390649564
0.509737529165648
0.5097214947727986
0.5097053266428219
0.5096890153333457
0.509672551109222
0.5096559238790466
0.5096391231609014
0.5096221380689852
0.5096049573102232
0.5095875691809219
0.5095699615565907
0.5095521218716832
0.5095340370891486
0.5095156936617068
0.5094970774875689
0.5094781738631345
0.509458967434408
0.5094394421478775
0.5094195812007111
0.5093993669895142
0.5093787810566202
0.5093578040328693
0.5093364155760087
0.5093145943040777
0.5092923177233495
0.5092695621505459
0.5092463026290762
0.509222512839028
0.5091981650005348
0.5091732297700405
0.5091476761288525
0.5091214712632719
0.509094580435501
0.5090669668444501
0.5090385914755009
0.5090094129382177
0.5089793872909165
0.508948467850918
0.5089166049891971
0.5088837459080265
0.5088498344000574
0.5088148105871327
0.5087786106369491
0.5087411664554891
0.5087024053529412
0.5086622496805892
0.5086206164359042
0.5085774168327931
0.508532555833646
0.5084859316394903
0.5084374351341828
0.5083869492781498
0.5083343484467346
0.508279497707702
0.5082222520318891
0.5081624554303876
0.5080999400109565
0.508034524945632
0.5079660153406855
0.507894200999193
0.5078188550655028
0.5077397325398381
0.5076565686501087
0.5075690770667701
0.5074769479452123
0.5073798457787245
0.5072774070435324
0.5071692376157741
0.5070549099385561
0.5069339599154462
0.5068058835049184
0.5066701329884151
0.5065261128828588
0.5063731754667016
0.5062106158870134
0.5060376668137685
0.5058534926065356
0.5056571829583494
0.505447745981842
0.5052241007039777
0.5049850689382631
0.5047293665074398
0.5044555937958385
0.5041622256192738
0.5038476004121825
0.5035099087472793
0.5031471812231338
0.502757275780508
0.5023378645399766
0.5018864202921415
0.5014002028185561
0.5008762452770578
0.5003113409501954
0.49970203073006153
0.49904459179693045
0.49833502804171037
0.49756906288151015
0.496742135220519
0.4958493994103208
0.4948857301583202
0.4938457334117379
0.49272376429699305
0.4915139532074736
0.49021024109198824
0.488806424885614
0.487296213827934
0.48567329711577023
0.48393142292671065
0.48206448832008075
0.48006663887620116
0.4779323761871753
0.47565667049161686
0.4732350748963537
0.4706638368113611
0.4679400015159503
0.4650615022610596
0.46202723108431937
0.4588370846549105
0.455491980039346
0.45199383632146
0.4483455195120385
0.4445507500871472
0.44061397468812213
0.4365402058414427
0.4323348358198908
0.42800343275984876
0.4235515286765251
0.41898440991944497
0.4143069207840162
0.4095232904146778
0.40463699185210344
0.39965064021269076
0.39456593471753787
0.3893836468138471
0.3841036541608824
0.37872501797170466
0.37324609925964014
0.36766470803591284
0.3619782784933555
0.35618406269595665
0.3502793352422133
0.3442616017199341
0.3381288044391265
0.3318795198233871
0.3255131428579972
0.31903005503317483
0.31243177318658705
0.30572107745359384
0.2989021171071396
0.29198049336653353
0.2849633182623424
0.27785924838873355
0.2706784919236903
0.2634327867646741
0.25613534716496844
0.248800776042751
0.24144494035266825
0.23408480771039028
0.2267382439275226
0.21942377322456846
0.21216030549082363
0.2049668377715847
0.19786213981100298
0.19086443556125487
0.18399109373722805
0.1772583405326142
0.170681006478331
0.16427231726095473
0.15804373541605604
0.15200485653639967
0.14616336035992028
0.14052501414293764
0.13509372330338856
0.1298716225577278
0.12485919970221085
0.12005544376202436
0.11545800936017105
0.11106338972603252
0.1068670916458975
0.10286380673286412
0.09904757455242345
0.09541193429208537
0.09195006273939972
0.08865489728526951
0.08551924347154441
0.08253586724379758
0.07969757255573526
0.07699726531411223
0.07442800487129919
0.07198304438832549
0.06965586142604607
0.06744018009633447
0.06532998603673347
0.06331953537575384
0.06140335874398609
0.059576261267584266
0.05783331936224234
0.05616987503220833
0.05458152827317984
0.05306412808184546
0.05161376248914255
0.05022674795908055
0.04889961842985335
